Flexible Shaft
10/14/2015 1:11:59 PM
Sample Rate (Hz) = 2000.00
Effective Sample Rate (Hz) = 2000.00
Frequency (Hz)	Current (A)	Bode Magnitude (dB)	Bode Phase (deg) 

60.1284	0.0003	87.1874	-305.6812
60.0467	0.0003	38.5049	-332.0136
2.2943	0.1159	24.3631	-146.4442
9.4816	0.0216	55.0376	-255.8588
2.1854	0.0185	56.0101	-309.9275
60.0437	0.0003	76.7886	-309.0541
59.9966	0.0004	34.8692	-199.9408
60.0046	0.0005	32.6224	-180.0636
2.5974	0.0195	38.9651	-171.9386
1.8711	0.0231	52.8260	-243.0615
2.0208	0.0136	60.5365	-264.3017
2.3836	0.0245	50.0521	-302.1950
59.9155	0.0003	81.1648	-341.0149
59.8495	0.0005	41.2772	-246.2383
60.1534	0.0004	31.6069	-113.5753
59.9720	0.0003	30.6100	-299.9937
