Flexible Shaft
10/14/2015 2:33:56 PM
Sample Rate (Hz) = 2000.00
Effective Sample Rate (Hz) = 2000.00
time (s)	Voltage (V)	Current (A)	Distal Tach (rad/s)	Motor Tach (rad/s)

0.0000	0.0405	-0.0251	-0.0088	-0.8754
0.0005	0.0328	-0.0418	-0.0168	-1.0365
0.0010	0.0388	-0.0406	-0.0502	-0.8912
0.0015	0.0298	-0.0450	-0.0232	-0.4757
0.0020	0.0408	-0.0402	-0.0121	0.0706
0.0025	0.0303	-0.0359	-0.0108	0.5704
0.0030	0.0478	-0.0203	-0.0096	0.9041
0.0035	0.0302	-0.0131	-0.0141	0.9561
0.0040	0.0557	-0.0025	-0.0126	0.7064
0.0045	0.0226	-0.0147	-0.0150	0.2336
0.0050	0.0724	-0.0142	-0.0138	-0.3040
0.0055	-0.0241	-0.0327	-0.0112	-0.7319
0.0060	0.3034	-0.0285	-0.0076	-0.9494
0.0065	2.5968	-0.2352	-0.0098	-0.8395
0.0070	2.6340	-0.4906	-0.0085	-0.3222
0.0075	2.6024	-0.6402	-0.0098	0.4062
0.0080	2.5693	-0.7574	-0.0102	1.0772
0.0085	2.5652	-0.8212	-0.0132	1.4715
0.0090	2.5424	-0.8856	-0.0140	1.4677
0.0095	2.5360	-0.9515	-0.0106	1.0591
0.0100	2.5145	-1.0225	-0.0135	0.3714
0.0105	2.5050	-1.0895	-0.0116	-0.3609
0.0110	2.4932	-1.1207	-0.0118	-0.9333
0.0115	2.4923	-1.1517	-0.0106	-1.1928
0.0120	2.4773	-1.2008	-0.0082	-1.0667
0.0125	2.4709	-1.2424	-0.0110	-0.5860
0.0130	2.4625	-1.2727	-0.0096	0.0985
0.0135	2.4603	-1.2907	-0.0095	0.7556
0.0140	2.4634	-1.2679	-0.0109	1.2072
0.0145	2.4743	-1.2257	-0.0147	1.2760
0.0150	2.4700	-1.2433	-0.0136	0.9661
0.0155	2.4671	-1.2585	-0.0126	0.3686
0.0160	2.4619	-1.2809	-0.0096	-0.3006
0.0165	2.4613	-1.2858	-0.0117	-0.8314
0.0170	2.4636	-1.2689	-0.0080	-1.1074
0.0175	2.4610	-1.2883	-0.0350	-1.0324
0.0180	2.4567	-1.3052	-0.0381	-0.6391
0.0185	2.4536	-1.3258	-0.0139	-0.0523
0.0190	2.4535	-1.3189	-0.0115	0.5447
0.0195	2.4575	-1.3064	-0.0081	0.9676
0.0200	2.4722	-1.2312	-0.0104	1.0814
0.0205	2.4750	-1.2221	-0.0103	0.8116
0.0210	2.4681	-1.2573	-0.0115	0.2956
0.0215	2.4649	-1.2701	-0.0060	-0.3127
0.0220	2.4632	-1.2719	-0.0059	-0.7894
0.0225	2.4679	-1.2603	-0.0079	-1.0456
0.0230	2.4600	-1.2855	-0.0080	-0.9962
0.0235	2.4573	-1.3075	-0.0066	-0.6568
0.0240	2.4523	-1.3178	-0.0052	-0.1247
0.0245	2.4546	-1.3261	-0.0076	0.3997
0.0250	2.4524	-1.3116	-0.0066	0.7802
0.0255	2.4651	-1.2815	-0.0087	0.8959
0.0260	2.4680	-1.2380	-0.0102	0.7040
0.0265	2.4762	-1.2355	-0.0085	0.2251
0.0270	2.4615	-1.2634	-0.0049	-0.3008
0.0275	2.4738	-1.2529	-0.0038	-0.7451
0.0280	2.4598	-1.2614	-0.0076	-0.9883
0.0285	2.4728	-1.2749	-0.0024	-0.9512
0.0290	2.4448	-1.3034	-0.0063	-0.6287
0.0295	2.4697	-1.3220	-0.0053	-0.1297
0.0300	2.4201	-1.3403	-0.0021	0.3927
0.0305	2.5077	-1.3354	-0.0034	0.7703
0.0310	2.2047	-1.3053	-0.0058	0.9161
0.0315	-0.0800	-1.0501	-0.0026	0.6757
0.0320	-0.1316	-0.7877	-0.0067	0.0177
0.0325	-0.0923	-0.6350	-0.0035	-0.7587
0.0330	-0.0606	-0.5045	-0.0065	-1.4133
0.0335	-0.0523	-0.4333	-0.0017	-1.7348
0.0340	-0.0315	-0.3678	-0.0191	-1.5930
0.0345	-0.0247	-0.3092	-0.0440	-1.0593
0.0350	-0.0080	-0.2512	-0.0128	-0.2755
0.0355	-0.0019	-0.2074	-0.0076	0.5056
0.0360	0.0123	-0.1531	-0.0071	1.0737
0.0365	0.0184	-0.1166	-0.0055	1.2638
0.0370	0.0275	-0.0822	-0.0041	1.0232
0.0375	0.0285	-0.0638	-0.0049	0.4198
0.0380	0.0313	-0.0617	-0.0020	-0.3339
0.0385	0.0294	-0.0631	-0.0070	-1.0145
0.0390	0.0296	-0.0722	-0.0037	-1.4167
0.0395	0.0271	-0.0749	-0.0031	-1.4309
0.0400	0.0274	-0.0796	-0.0030	-1.0599
0.0405	0.0281	-0.0741	-0.0027	-0.4206
0.0410	0.0312	-0.0595	0.0033	0.2947
0.0415	0.0339	-0.0453	-0.0041	0.8623
0.0420	0.0377	-0.0294	-0.0055	1.1333
0.0425	0.0399	-0.0193	-0.0071	1.0305
0.0430	0.0409	-0.0093	-0.0053	0.5801
0.0435	0.0401	-0.0177	-0.0020	-0.0711
0.0440	0.0384	-0.0288	-0.0056	-0.7003
0.0445	0.0356	-0.0360	-0.0018	-1.1235
0.0450	0.0344	-0.0437	0.0018	-1.2384
0.0455	0.0325	-0.0501	-0.0034	-0.9873
0.0460	0.0328	-0.0551	-0.0034	-0.4677
0.0465	0.0333	-0.0475	-0.0023	0.1755
0.0470	0.0372	-0.0326	-0.0031	0.7303
0.0475	0.0378	-0.0209	-0.0046	1.0435
0.0480	0.0423	-0.0092	-0.0068	1.0378
0.0485	0.0408	-0.0083	-0.0014	0.7109
0.0490	0.0431	-0.0078	-0.0022	0.1669
0.0495	0.0381	-0.0191	-0.0056	-0.4233
0.0500	0.0405	-0.0249	-0.0045	-0.8634
0.0505	0.0325	-0.0370	-0.0041	-1.0411
0.0510	0.0388	-0.0412	-0.0432	-0.9127
0.0515	0.0302	-0.0441	-0.0204	-0.5128
0.0520	0.0405	-0.0408	-0.0054	0.0362
0.0525	0.0298	-0.0303	-0.0040	0.5547
0.0530	0.0480	-0.0180	-0.0050	0.8964
0.0535	0.0300	-0.0140	-0.0100	0.9539
0.0540	0.0563	-0.0060	-0.0069	0.7207
0.0545	0.0223	-0.0124	-0.0072	0.2576
0.0550	0.0727	-0.0145	-0.0069	-0.2730
0.0555	-0.0245	-0.0324	-0.0048	-0.7149
0.0560	0.3050	-0.0274	-0.0018	-0.9485
0.0565	2.5980	-0.2361	-0.0029	-0.8525
0.0570	2.6329	-0.4949	-0.0041	-0.3457
0.0575	2.6015	-0.6402	-0.0021	0.3800
0.0580	2.5674	-0.7641	-0.0020	1.0570
0.0585	2.5643	-0.8278	-0.0073	1.4767
0.0590	2.5411	-0.8953	-0.0084	1.4743
0.0595	2.5348	-0.9592	-0.0044	1.0895
0.0600	2.5131	-1.0248	-0.0050	0.4022
0.0605	2.5046	-1.0932	-0.0085	-0.3374
0.0610	2.4923	-1.1273	-0.0022	-0.9213
0.0615	2.4896	-1.1593	-0.0053	-1.1865
0.0620	2.4753	-1.2076	-0.0026	-1.0682
0.0625	2.4701	-1.2516	-0.0062	-0.5948
0.0630	2.4629	-1.2712	-0.0029	0.0759
0.0635	2.4619	-1.2834	-0.0035	0.7417
0.0640	2.4643	-1.2664	-0.0047	1.1904
0.0645	2.4726	-1.2318	-0.0076	1.2766
0.0650	2.4694	-1.2471	-0.0011	0.9764
0.0655	2.4669	-1.2608	-0.0062	0.3921
0.0660	2.4618	-1.2822	-0.0037	-0.2841
0.0665	2.4608	-1.2875	-0.0064	-0.8111
0.0670	2.4644	-1.2683	0.0032	-1.0917
0.0675	2.4611	-1.2849	-0.0294	-1.0345
0.0680	2.4553	-1.3101	-0.0373	-0.6449
0.0685	2.4518	-1.3245	-0.0049	-0.0640
0.0690	2.4503	-1.3382	-0.0061	0.5426
0.0695	2.4543	-1.3201	-0.0050	0.9801
0.0700	2.4699	-1.2422	-0.0052	1.0935
0.0705	2.4718	-1.2400	-0.0026	0.8176
0.0710	2.4661	-1.2610	-0.0015	0.2905
0.0715	2.4637	-1.2741	-0.0009	-0.3118
0.0720	2.4620	-1.2796	-0.0033	-0.8104
0.0725	2.4673	-1.2606	0.0000	-1.0595
0.0730	2.4633	-1.2721	-0.0002	-1.0124
0.0735	2.4606	-1.2926	-0.0008	-0.6842
0.0740	2.4512	-1.3237	-0.0018	-0.1505
0.0745	2.4531	-1.3293	0.0014	0.4100
0.0750	2.4485	-1.3313	-0.0021	0.8121
0.0755	2.4643	-1.2893	-0.0018	0.9483
0.0760	2.4657	-1.2544	-0.0018	0.7363
0.0765	2.4714	-1.2556	-0.0047	0.2633
0.0770	2.4570	-1.2833	-0.0010	-0.2976
0.0775	2.4686	-1.2821	0.0024	-0.7569
0.0780	2.4568	-1.2713	0.0005	-1.0198
0.0785	2.4670	-1.3024	0.0019	-0.9846
0.0790	2.4378	-1.3359	0.0024	-0.6607
0.0795	2.4647	-1.3479	0.0019	-0.1377
0.0800	2.4169	-1.3575	0.0020	0.3931
0.0805	2.5077	-1.3365	0.0026	0.7887
0.0810	2.2055	-1.3007	-0.0031	0.9231
0.0815	-0.0868	-1.0718	0.0018	0.6887
0.0820	-0.1370	-0.8073	-0.0017	0.0352
0.0825	-0.0977	-0.6576	0.0021	-0.7448
0.0830	-0.0655	-0.5277	0.0022	-1.4041
0.0835	-0.0567	-0.4530	0.0073	-1.7216
0.0840	-0.0355	-0.3896	-0.0102	-1.5954
0.0845	-0.0280	-0.3229	-0.0369	-1.0717
0.0850	-0.0098	-0.2625	-0.0076	-0.2950
0.0855	-0.0030	-0.2115	-0.0018	0.4879
0.0860	0.0108	-0.1679	-0.0003	1.0481
0.0865	0.0173	-0.1216	0.0003	1.2445
0.0870	0.0265	-0.0838	0.0009	1.0173
0.0875	0.0277	-0.0739	0.0011	0.4295
0.0880	0.0314	-0.0647	0.0055	-0.3219
0.0885	0.0293	-0.0656	0.0014	-0.9945
0.0890	0.0292	-0.0686	0.0013	-1.3980
0.0895	0.0275	-0.0713	0.0022	-1.4163
0.0900	0.0274	-0.0766	0.0032	-1.0633
0.0905	0.0281	-0.0752	0.0062	-0.4301
0.0910	0.0312	-0.0595	0.0084	0.2673
0.0915	0.0338	-0.0412	0.0026	0.8430
0.0920	0.0379	-0.0288	0.0000	1.1110
0.0925	0.0397	-0.0160	-0.0038	1.0215
0.0930	0.0410	-0.0100	-0.0028	0.5844
0.0935	0.0399	-0.0140	0.0031	-0.0566
0.0940	0.0385	-0.0244	0.0022	-0.6867
0.0945	0.0355	-0.0323	0.0030	-1.1174
0.0950	0.0344	-0.0441	0.0033	-1.2253
0.0955	0.0327	-0.0515	0.0056	-0.9830
0.0960	0.0336	-0.0520	0.0054	-0.4669
0.0965	0.0332	-0.0481	0.0023	0.1570
0.0970	0.0373	-0.0339	-0.0004	0.7113
0.0975	0.0380	-0.0252	0.0036	1.0290
0.0980	0.0425	-0.0105	0.0001	1.0310
0.0985	0.0408	-0.0092	0.0001	0.7132
0.0990	0.0437	-0.0101	0.0015	0.1784
0.0995	0.0378	-0.0186	0.0034	-0.4027
0.1000	0.0407	-0.0279	-0.0017	-0.8463
0.1005	0.0329	-0.0385	-0.0002	-1.0331
0.1010	0.0387	-0.0409	-0.0358	-0.9048
0.1015	0.0296	-0.0424	-0.0180	-0.5053
0.1020	0.0413	-0.0381	-0.0014	0.0315
0.1025	0.0299	-0.0335	-0.0039	0.5415
0.1030	0.0478	-0.0237	0.0001	0.8811
0.1035	0.0298	-0.0164	-0.0029	0.9482
0.1040	0.0566	-0.0039	-0.0032	0.7245
0.1045	0.0223	-0.0109	-0.0031	0.2641
0.1050	0.0728	-0.0132	-0.0022	-0.2688
0.1055	-0.0253	-0.0297	-0.0005	-0.7091
0.1060	0.3069	-0.0274	0.0005	-0.9335
0.1065	2.6002	-0.2361	-0.0020	-0.8441
0.1070	2.6335	-0.4928	0.0009	-0.3437
0.1075	2.6034	-0.6370	0.0012	0.3733
0.1080	2.5689	-0.7567	0.0001	1.0426
0.1085	2.5648	-0.8227	-0.0035	1.4635
0.1090	2.5416	-0.8859	-0.0026	1.4646
0.1095	2.5354	-0.9557	-0.0020	1.0782
0.1100	2.5130	-1.0251	-0.0030	0.4011
0.1105	2.5046	-1.0896	-0.0008	-0.3383
0.1110	2.4927	-1.1237	0.0006	-0.9032
0.1115	2.4926	-1.1450	-0.0003	-1.1797
0.1120	2.4798	-1.1874	-0.0008	-1.0798
0.1125	2.4750	-1.2232	-0.0026	-0.6134
0.1130	2.4657	-1.2551	0.0010	0.0481
0.1135	2.4642	-1.2738	0.0017	0.7173
0.1140	2.4668	-1.2554	0.0001	1.1830
0.1145	2.4763	-1.2162	-0.0064	1.2803
0.1150	2.4720	-1.2333	-0.0032	0.9858
0.1155	2.4685	-1.2542	-0.0001	0.4169
0.1160	2.4634	-1.2768	-0.0017	-0.2485
0.1165	2.4613	-1.2825	-0.0066	-0.7849
0.1170	2.4647	-1.2720	0.0039	-1.0713
0.1175	2.4623	-1.2825	-0.0212	-1.0287
0.1180	2.4553	-1.3104	-0.0342	-0.6729
0.1185	2.4519	-1.3290	-0.0077	-0.0912
0.1190	2.4500	-1.3380	-0.0023	0.5173
0.1195	2.4535	-1.3203	-0.0004	0.9594
0.1200	2.4692	-1.2481	-0.0039	1.0869
0.1205	2.4716	-1.2383	-0.0031	0.8297
0.1210	2.4656	-1.2676	-0.0040	0.3126
0.1215	2.4635	-1.2754	0.0013	-0.2834
0.1220	2.4608	-1.2817	-0.0012	-0.7735
0.1225	2.4671	-1.2573	-0.0004	-1.0485
0.1230	2.4619	-1.2770	0.0011	-1.0181
0.1235	2.4584	-1.3056	0.0015	-0.6903
0.1240	2.4502	-1.3277	-0.0024	-0.1665
0.1245	2.4527	-1.3319	0.0007	0.3832
0.1250	2.4490	-1.3322	0.0021	0.7917
0.1255	2.4658	-1.2841	0.0021	0.9316
0.1260	2.4695	-1.2289	-0.0019	0.7164
0.1265	2.4736	-1.2465	-0.0032	0.2530
0.1270	2.4592	-1.2681	0.0042	-0.2935
0.1275	2.4706	-1.2695	0.0033	-0.7385
0.1280	2.4593	-1.2577	0.0010	-0.9926
0.1285	2.4712	-1.2829	0.0026	-0.9664
0.1290	2.4424	-1.3140	0.0030	-0.6518
0.1295	2.4682	-1.3293	0.0042	-0.1487
0.1300	2.4188	-1.3449	0.0013	0.3836
0.1305	2.5076	-1.3327	0.0003	0.7703
0.1310	2.2048	-1.2963	-0.0018	0.9183
0.1315	-0.0818	-1.0462	0.0025	0.6825
0.1320	-0.1320	-0.7912	-0.0024	0.0342
0.1325	-0.0942	-0.6435	0.0010	-0.7426
0.1330	-0.0621	-0.5171	0.0011	-1.4010
0.1335	-0.0542	-0.4437	0.0056	-1.7160
0.1340	-0.0331	-0.3711	-0.0070	-1.5889
0.1345	-0.0264	-0.3181	-0.0375	-1.0514
0.1350	-0.0088	-0.2555	-0.0102	-0.2882
0.1355	-0.0027	-0.2090	-0.0020	0.4954
0.1360	0.0113	-0.1606	0.0007	1.0566
0.1365	0.0177	-0.1178	-0.0029	1.2553
0.1370	0.0269	-0.0847	0.0012	1.0144
0.1375	0.0282	-0.0679	0.0005	0.4225
0.1380	0.0316	-0.0609	0.0030	-0.3259
0.1385	0.0289	-0.0675	-0.0023	-0.9959
0.1390	0.0293	-0.0742	0.0001	-1.4006
0.1395	0.0274	-0.0739	0.0036	-1.4131
0.1400	0.0276	-0.0780	0.0041	-1.0506
0.1405	0.0281	-0.0739	0.0043	-0.4165
0.1410	0.0313	-0.0599	0.0067	0.2825
0.1415	0.0338	-0.0471	0.0020	0.8504
0.1420	0.0376	-0.0302	0.0004	1.1173
0.1425	0.0400	-0.0203	-0.0050	1.0119
0.1430	0.0411	-0.0136	-0.0038	0.5775
0.1435	0.0403	-0.0190	0.0018	-0.0645
0.1440	0.0381	-0.0228	0.0001	-0.6884
0.1445	0.0357	-0.0362	-0.0014	-1.1164
0.1450	0.0348	-0.0450	0.0014	-1.2193
0.1455	0.0324	-0.0453	0.0017	-0.9737
0.1460	0.0335	-0.0472	0.0009	-0.4648
0.1465	0.0331	-0.0455	-0.0018	0.1640
0.1470	0.0377	-0.0353	-0.0016	0.7161
0.1475	0.0377	-0.0207	0.0007	1.0331
0.1480	0.0423	-0.0149	-0.0025	1.0229
0.1485	0.0407	-0.0029	-0.0047	0.7007
0.1490	0.0432	-0.0106	-0.0011	0.1670
0.1495	0.0374	-0.0192	0.0006	-0.4078
0.1500	0.0410	-0.0326	-0.0017	-0.8489
0.1505	0.0325	-0.0385	-0.0008	-1.0259
0.1510	0.0385	-0.0420	-0.0366	-0.8989
0.1515	0.0296	-0.0440	-0.0236	-0.4993
0.1520	0.0407	-0.0418	-0.0056	0.0406
0.1525	0.0299	-0.0357	-0.0070	0.5369
0.1530	0.0478	-0.0176	-0.0014	0.8800
0.1535	0.0300	-0.0139	-0.0064	0.9411
0.1540	0.0562	-0.0117	-0.0066	0.7142
0.1545	0.0217	-0.0121	-0.0067	0.2576
0.1550	0.0738	-0.0144	-0.0050	-0.2719
0.1555	-0.0257	-0.0309	-0.0065	-0.7068
0.1560	0.3086	-0.0310	-0.0048	-0.9384
0.1565	2.6008	-0.2393	-0.0059	-0.8407
0.1570	2.6314	-0.4959	-0.0027	-0.3381
0.1575	2.6014	-0.6495	-0.0035	0.3820
0.1580	2.5659	-0.7649	-0.0040	1.0606
0.1585	2.5632	-0.8311	-0.0051	1.4746
0.1590	2.5394	-0.8992	-0.0088	1.4743
0.1595	2.5343	-0.9580	-0.0063	1.0772
0.1600	2.5120	-1.0315	-0.0056	0.3948
0.1605	2.5036	-1.0993	-0.0042	-0.3537
0.1610	2.4918	-1.1336	-0.0026	-0.9199
0.1615	2.4910	-1.1556	-0.0042	-1.1882
0.1620	2.4776	-1.2005	-0.0058	-1.0728
0.1625	2.4727	-1.2349	-0.0041	-0.6040
0.1630	2.4634	-1.2659	-0.0032	0.0687
0.1635	2.4616	-1.2861	-0.0041	0.7338
0.1640	2.4651	-1.2656	-0.0044	1.1909
0.1645	2.4753	-1.2251	-0.0088	1.2806
0.1650	2.4708	-1.2374	-0.0071	0.9848
0.1655	2.4674	-1.2580	-0.0076	0.3988
0.1660	2.4630	-1.2748	-0.0028	-0.2788
0.1665	2.4623	-1.2824	-0.0093	-0.8275
0.1670	2.4617	-1.2796	0.0008	-1.0938
0.1675	2.4575	-1.3007	-0.0228	-1.0245
0.1680	2.4543	-1.3131	-0.0434	-0.6400
0.1685	2.4519	-1.3295	-0.0107	-0.0602
0.1690	2.4516	-1.3282	-0.0053	0.5353
0.1695	2.4549	-1.3159	-0.0065	0.9628
0.1700	2.4650	-1.2656	-0.0098	1.0812
0.1705	2.4700	-1.2460	-0.0082	0.8245
0.1710	2.4646	-1.2691	-0.0059	0.3001
0.1715	2.4621	-1.2855	-0.0052	-0.3077
0.1720	2.4596	-1.2871	-0.0056	-0.8023
0.1725	2.4640	-1.2755	-0.0028	-1.0512
0.1730	2.4585	-1.2919	-0.0023	-1.0115
0.1735	2.4548	-1.3196	-0.0065	-0.6648
0.1740	2.4468	-1.3408	-0.0073	-0.1385
0.1745	2.4490	-1.3509	0.0003	0.4073
0.1750	2.4456	-1.3473	-0.0049	0.8116
0.1755	2.4605	-1.3018	-0.0062	0.9360
0.1760	2.4640	-1.2565	-0.0049	0.7056
0.1765	2.4698	-1.2660	-0.0041	0.2317
0.1770	2.4554	-1.2889	-0.0024	-0.3204
0.1775	2.4676	-1.2809	-0.0047	-0.7753
0.1780	2.4572	-1.2745	-0.0042	-1.0148
0.1785	2.4681	-1.2963	-0.0022	-0.9804
0.1790	2.4379	-1.3342	-0.0029	-0.6401
0.1795	2.4648	-1.3511	-0.0046	-0.1186
0.1800	2.4147	-1.3652	-0.0026	0.4193
0.1805	2.5048	-1.3477	-0.0009	0.8050
0.1810	2.2006	-1.3189	-0.0079	0.9394
0.1815	-0.0890	-1.0795	-0.0057	0.6869
0.1820	-0.1371	-0.8160	-0.0066	0.0268
0.1825	-0.0989	-0.6647	-0.0034	-0.7699
0.1830	-0.0669	-0.5356	-0.0040	-1.4327
0.1835	-0.0592	-0.4640	-0.0016	-1.7440
0.1840	-0.0369	-0.3909	-0.0078	-1.6046
0.1845	-0.0294	-0.3283	-0.0403	-1.0728
0.1850	-0.0113	-0.2672	-0.0201	-0.2780
0.1855	-0.0040	-0.2188	-0.0065	0.4970
0.1860	0.0099	-0.1680	-0.0080	1.0622
0.1865	0.0163	-0.1218	-0.0046	1.2600
0.1870	0.0262	-0.0901	-0.0067	1.0198
0.1875	0.0268	-0.0760	-0.0056	0.4125
0.1880	0.0307	-0.0637	-0.0001	-0.3372
0.1885	0.0289	-0.0696	-0.0074	-1.0197
0.1890	0.0292	-0.0728	-0.0060	-1.4230
0.1895	0.0268	-0.0789	-0.0021	-1.4316
0.1900	0.0271	-0.0789	-0.0023	-1.0727
0.1905	0.0276	-0.0759	-0.0050	-0.4267
0.1910	0.0307	-0.0649	-0.0015	0.2914
0.1915	0.0336	-0.0499	-0.0027	0.8582
0.1920	0.0375	-0.0291	-0.0074	1.1270
0.1925	0.0402	-0.0186	-0.0102	1.0203
0.1930	0.0411	-0.0162	-0.0087	0.5776
0.1935	0.0398	-0.0153	-0.0019	-0.0729
0.1940	0.0384	-0.0257	-0.0066	-0.7014
0.1945	0.0354	-0.0371	-0.0076	-1.1418
0.1950	0.0340	-0.0484	-0.0043	-1.2434
0.1955	0.0322	-0.0520	0.0003	-0.9880
0.1960	0.0332	-0.0482	-0.0070	-0.4689
0.1965	0.0331	-0.0448	-0.0058	0.1667
0.1970	0.0378	-0.0307	-0.0052	0.7235
0.1975	0.0379	-0.0199	-0.0046	1.0423
0.1980	0.0426	-0.0117	-0.0126	1.0374
0.1985	0.0409	-0.0077	-0.0069	0.7100
0.1990	0.0438	-0.0118	-0.0041	0.1644
0.1995	0.0379	-0.0140	-0.0055	-0.4292
0.2000	0.0407	-0.0260	-0.0097	-0.8683
0.2005	0.0326	-0.0355	-0.0089	-1.0464
0.2010	0.0381	-0.0443	-0.0378	-0.9104
0.2015	0.0293	-0.0467	-0.0342	-0.5013
0.2020	0.0404	-0.0398	-0.0112	0.0406
0.2025	0.0296	-0.0336	-0.0103	0.5550
0.2030	0.0476	-0.0197	-0.0074	0.8918
0.2035	0.0293	-0.0142	-0.0136	0.9589
0.2040	0.0567	-0.0054	-0.0125	0.7219
0.2045	0.0216	-0.0131	-0.0128	0.2571
0.2050	0.0734	-0.0109	-0.0111	-0.2730
0.2055	-0.0265	-0.0290	-0.0113	-0.7198
0.2060	0.3103	-0.0303	-0.0097	-0.9538
0.2065	2.6017	-0.2358	-0.0124	-0.8498
0.2070	2.6307	-0.5010	-0.0052	-0.3402
0.2075	2.6014	-0.6482	-0.0097	0.3880
0.2080	2.5647	-0.7676	-0.0130	1.0685
0.2085	2.5628	-0.8371	-0.0138	1.4840
0.2090	2.5393	-0.9001	-0.0135	1.4919
0.2095	2.5348	-0.9586	-0.0135	1.0823
0.2100	2.5120	-1.0297	-0.0113	0.3972
0.2105	2.5040	-1.0920	-0.0092	-0.3589
0.2110	2.4921	-1.1288	-0.0079	-0.9280
0.2115	2.4946	-1.1382	-0.0076	-1.2152
0.2120	2.4801	-1.1883	-0.0095	-1.1033
0.2125	2.4730	-1.2339	-0.0133	-0.6281
0.2130	2.4638	-1.2610	-0.0078	0.0610
0.2135	2.4624	-1.2806	-0.0056	0.7437
0.2140	2.4666	-1.2562	-0.0103	1.2191
0.2145	2.4760	-1.2145	-0.0141	1.3108
0.2150	2.4720	-1.2304	-0.0123	1.0005
0.2155	2.4680	-1.2508	-0.0119	0.4101
0.2160	2.4631	-1.2750	-0.0094	-0.2739
0.2165	2.4627	-1.2752	-0.0127	-0.8284
0.2170	2.4652	-1.2626	-0.0085	-1.1115
0.2175	2.4598	-1.2870	-0.0211	-1.0644
0.2180	2.4536	-1.3174	-0.0454	-0.6712
0.2185	2.4517	-1.3287	-0.0214	-0.0665
0.2190	2.4504	-1.3311	-0.0117	0.5455
0.2195	2.4552	-1.3171	-0.0079	0.9948
0.2200	2.4681	-1.2531	-0.0128	1.1095
0.2205	2.4711	-1.2386	-0.0170	0.8422
0.2210	2.4651	-1.2670	-0.0133	0.3083
0.2215	2.4633	-1.2824	-0.0060	-0.3045
0.2220	2.4606	-1.2868	-0.0094	-0.8106
0.2225	2.4664	-1.2659	-0.0118	-1.0796
0.2230	2.4601	-1.2852	-0.0108	-1.0378
0.2235	2.4591	-1.3004	-0.0071	-0.7055
0.2240	2.4533	-1.3102	-0.0075	-0.1734
0.2245	2.4554	-1.3186	-0.0096	0.3826
0.2250	2.4513	-1.3235	-0.0123	0.7998
0.2255	2.4683	-1.2658	-0.0100	0.9415
0.2260	2.4712	-1.2216	-0.0101	0.7346
0.2265	2.4748	-1.2380	-0.0116	0.2647
0.2270	2.4596	-1.2689	-0.0098	-0.2757
0.2275	2.4705	-1.2671	-0.0055	-0.7363
0.2280	2.4602	-1.2544	-0.0066	-0.9966
0.2285	2.4731	-1.2702	-0.0084	-0.9779
0.2290	2.4427	-1.3169	-0.0076	-0.6695
0.2295	2.4678	-1.3310	-0.0061	-0.1681
0.2300	2.4171	-1.3506	-0.0037	0.3697
0.2305	2.5077	-1.3388	-0.0100	0.7790
0.2310	2.2020	-1.3087	-0.0098	0.9323
0.2315	-0.0893	-1.0759	-0.0079	0.7183
0.2320	-0.1363	-0.8111	-0.0093	0.0727
0.2325	-0.0977	-0.6557	-0.0094	-0.7101
0.2330	-0.0658	-0.5289	-0.0055	-1.3773
0.2335	-0.0580	-0.4563	-0.0044	-1.7112
0.2340	-0.0367	-0.3888	-0.0086	-1.6053
0.2345	-0.0296	-0.3279	-0.0451	-1.0958
0.2350	-0.0117	-0.2672	-0.0276	-0.3172
0.2355	-0.0051	-0.2228	-0.0096	0.4588
0.2360	0.0094	-0.1739	-0.0071	1.0388
0.2365	0.0149	-0.1288	-0.0079	1.2587
0.2370	0.0251	-0.0907	-0.0101	1.0359
0.2375	0.0269	-0.0735	-0.0074	0.4548
0.2380	0.0302	-0.0687	-0.0043	-0.2953
0.2385	0.0285	-0.0647	-0.0054	-0.9715
0.2390	0.0288	-0.0722	-0.0110	-1.3948
0.2395	0.0268	-0.0789	-0.0083	-1.4261
0.2400	0.0273	-0.0804	-0.0043	-1.0812
0.2405	0.0275	-0.0763	-0.0054	-0.4539
0.2410	0.0308	-0.0655	-0.0059	0.2538
0.2415	0.0333	-0.0452	-0.0062	0.8260
0.2420	0.0373	-0.0318	-0.0109	1.1171
0.2425	0.0392	-0.0184	-0.0112	1.0390
0.2430	0.0411	-0.0118	-0.0119	0.6038
0.2435	0.0397	-0.0203	-0.0056	-0.0348
0.2440	0.0378	-0.0244	-0.0091	-0.6659
0.2445	0.0354	-0.0370	-0.0069	-1.1041
0.2450	0.0347	-0.0452	-0.0073	-1.2333
0.2455	0.0323	-0.0503	-0.0040	-1.0026
0.2460	0.0332	-0.0526	-0.0059	-0.4936
0.2465	0.0333	-0.0441	-0.0085	0.1398
0.2470	0.0372	-0.0342	-0.0067	0.6995
0.2475	0.0377	-0.0240	-0.0090	1.0263
0.2480	0.0426	-0.0135	-0.0108	1.0483
0.2485	0.0404	-0.0089	-0.0085	0.7342
0.2490	0.0437	-0.0082	-0.0078	0.1964
0.2495	0.0383	-0.0193	-0.0068	-0.3879
0.2500	0.0409	-0.0294	-0.0123	-0.8417
0.2505	0.0323	-0.0384	-0.0091	-1.0325
0.2510	0.0389	-0.0446	-0.0409	-0.9129
0.2515	0.0290	-0.0464	-0.0356	-0.5218
0.2520	0.0408	-0.0414	-0.0115	0.0159
0.2525	0.0294	-0.0341	-0.0103	0.5290
0.2530	0.0476	-0.0233	-0.0075	0.8765
0.2535	0.0296	-0.0152	-0.0141	0.9593
0.2540	0.0568	-0.0057	-0.0136	0.7315
0.2545	0.0210	-0.0122	-0.0115	0.2838
0.2550	0.0740	-0.0085	-0.0105	-0.2515
0.2555	-0.0269	-0.0309	-0.0111	-0.6955
0.2560	0.3121	-0.0273	-0.0068	-0.9381
0.2565	2.6037	-0.2391	-0.0105	-0.8556
0.2570	2.6301	-0.4996	-0.0081	-0.3552
0.2575	2.6012	-0.6504	-0.0077	0.3585
0.2580	2.5652	-0.7724	-0.0057	1.0447
0.2585	2.5628	-0.8386	-0.0103	1.4665
0.2590	2.5389	-0.8994	-0.0100	1.4845
0.2595	2.5343	-0.9610	-0.0112	1.0879
0.2600	2.5124	-1.0325	-0.0116	0.4062
0.2605	2.5046	-1.0913	-0.0100	-0.3335
0.2610	2.4925	-1.1226	-0.0074	-0.9203
0.2615	2.4917	-1.1530	-0.0082	-1.1969
0.2620	2.4765	-1.2032	-0.0077	-1.0853
0.2625	2.4705	-1.2474	-0.0111	-0.6185
0.2630	2.4620	-1.2737	-0.0058	0.0637
0.2635	2.4603	-1.2896	-0.0061	0.7292
0.2640	2.4636	-1.2726	-0.0090	1.1966
0.2645	2.4741	-1.2266	-0.0137	1.2857
0.2650	2.4703	-1.2421	-0.0117	0.9841
0.2655	2.4674	-1.2556	-0.0115	0.3926
0.2660	2.4625	-1.2755	-0.0086	-0.2861
0.2665	2.4626	-1.2826	-0.0118	-0.8274
0.2670	2.4645	-1.2679	-0.0052	-1.1075
0.2675	2.4586	-1.2979	-0.0179	-1.0487
0.2680	2.4517	-1.3300	-0.0470	-0.6470
0.2685	2.4500	-1.3389	-0.0201	-0.0545
0.2690	2.4494	-1.3394	-0.0086	0.5559
0.2695	2.4548	-1.3170	-0.0072	0.9785
0.2700	2.4695	-1.2445	-0.0121	1.0927
0.2705	2.4720	-1.2359	-0.0128	0.8057
0.2710	2.4661	-1.2585	-0.0107	0.2732
0.2715	2.4629	-1.2793	-0.0056	-0.3408
0.2720	2.4602	-1.2858	-0.0060	-0.8226
0.2725	2.4643	-1.2716	-0.0097	-1.0701
0.2730	2.4598	-1.2887	-0.0063	-1.0139
0.2735	2.4571	-1.3099	-0.0070	-0.6674
0.2740	2.4499	-1.3252	-0.0041	-0.1313
0.2745	2.4518	-1.3366	-0.0048	0.4157
0.2750	2.4493	-1.3283	-0.0062	0.8217
0.2755	2.4630	-1.2915	-0.0053	0.9365
0.2760	2.4626	-1.2597	-0.0108	0.7076
0.2765	2.4714	-1.2571	-0.0074	0.2324
0.2770	2.4566	-1.2797	-0.0051	-0.3116
0.2775	2.4679	-1.2775	-0.0027	-0.7620
0.2780	2.4517	-1.2964	-0.0056	-1.0114
0.2785	2.4658	-1.3133	-0.0009	-0.9579
0.2790	2.4360	-1.3450	-0.0020	-0.6295
0.2795	2.4628	-1.3603	-0.0037	-0.1154
0.2800	2.4119	-1.3767	-0.0027	0.4149
0.2805	2.5028	-1.3631	-0.0014	0.7999
0.2810	2.1957	-1.3349	-0.0040	0.9363
0.2815	-0.0904	-1.0779	-0.0036	0.6736
0.2820	-0.1342	-0.8007	-0.0032	0.0059
0.2825	-0.0967	-0.6480	-0.0036	-0.7819
0.2830	-0.0623	-0.5170	-0.0001	-1.4538
0.2835	-0.0553	-0.4466	-0.0028	-1.7621
0.2840	-0.0340	-0.3777	-0.0017	-1.6188
0.2845	-0.0274	-0.3196	-0.0399	-1.0662
0.2850	-0.0091	-0.2640	-0.0230	-0.2622
0.2855	-0.0030	-0.2106	-0.0049	0.5324
0.2860	0.0111	-0.1603	-0.0054	1.1032
0.2865	0.0166	-0.1206	-0.0056	1.2840
0.2870	0.0267	-0.0856	-0.0027	1.0258
0.2875	0.0278	-0.0700	-0.0023	0.4101
0.2880	0.0308	-0.0618	-0.0024	-0.3606
0.2885	0.0291	-0.0637	-0.0059	-1.0471
0.2890	0.0297	-0.0704	-0.0052	-1.4575
0.2895	0.0265	-0.0788	0.0016	-1.4641
0.2900	0.0268	-0.0774	-0.0004	-1.0826
0.2905	0.0277	-0.0725	-0.0002	-0.4190
0.2910	0.0316	-0.0598	0.0013	0.3090
0.2915	0.0337	-0.0490	0.0002	0.8838
0.2920	0.0375	-0.0329	-0.0046	1.1492
0.2925	0.0401	-0.0215	-0.0069	1.0418
0.2930	0.0412	-0.0138	-0.0044	0.5810
0.2935	0.0398	-0.0177	-0.0005	-0.0887
0.2940	0.0383	-0.0260	-0.0091	-0.7199
0.2945	0.0348	-0.0379	-0.0045	-1.1598
0.2950	0.0346	-0.0465	-0.0011	-1.2627
0.2955	0.0319	-0.0561	0.0006	-1.0038
0.2960	0.0328	-0.0511	-0.0029	-0.4584
0.2965	0.0334	-0.0444	-0.0026	0.1868
0.2970	0.0374	-0.0345	-0.0032	0.7449
0.2975	0.0380	-0.0204	-0.0007	1.0707
0.2980	0.0427	-0.0084	-0.0081	1.0571
0.2985	0.0405	-0.0060	-0.0061	0.7198
0.2990	0.0435	-0.0115	-0.0010	0.1575
0.2995	0.0375	-0.0213	-0.0018	-0.4255
0.3000	0.0410	-0.0259	-0.0089	-0.8819
0.3005	0.0322	-0.0349	0.0002	-1.0581
0.3010	0.0385	-0.0420	-0.0276	-0.9133
0.3015	0.0291	-0.0479	-0.0345	-0.5001
0.3020	0.0404	-0.0406	-0.0088	0.0480
0.3025	0.0295	-0.0367	-0.0075	0.5778
0.3030	0.0478	-0.0200	-0.0008	0.9136
0.3035	0.0296	-0.0171	-0.0084	0.9767
0.3040	0.0571	-0.0031	-0.0065	0.7349
0.3045	0.0215	-0.0128	-0.0058	0.2604
0.3050	0.0738	-0.0133	-0.0058	-0.2866
0.3055	-0.0270	-0.0290	-0.0084	-0.7325
0.3060	0.3137	-0.0252	-0.0002	-0.9689
0.3065	2.6046	-0.2388	-0.0025	-0.8612
0.3070	2.6298	-0.4994	-0.0040	-0.3380
0.3075	2.6017	-0.6502	-0.0024	0.3895
0.3080	2.5646	-0.7703	-0.0028	1.0808
0.3085	2.5628	-0.8371	-0.0061	1.5023
0.3090	2.5386	-0.9021	-0.0078	1.5091
0.3095	2.5336	-0.9655	-0.0068	1.0922
0.3100	2.5119	-1.0311	-0.0037	0.3971
0.3105	2.5044	-1.0965	-0.0041	-0.3610
0.3110	2.4928	-1.1260	-0.0015	-0.9496
0.3115	2.4911	-1.1554	-0.0047	-1.2278
0.3120	2.4737	-1.2172	-0.0034	-1.1034
0.3125	2.4671	-1.2633	-0.0059	-0.6142
0.3130	2.4584	-1.2934	-0.0025	0.0911
0.3135	2.4560	-1.3113	-0.0006	0.7763
0.3140	2.4593	-1.2900	-0.0057	1.2430
0.3145	2.4726	-1.2345	-0.0071	1.3138
0.3150	2.4685	-1.2517	-0.0048	0.9879
0.3155	2.4664	-1.2650	-0.0055	0.3683
0.3160	2.4608	-1.2870	-0.0041	-0.3225
0.3165	2.4618	-1.2849	-0.0050	-0.8664
0.3170	2.4626	-1.2773	-0.0000	-1.1537
0.3175	2.4551	-1.3156	-0.0127	-1.0705
0.3180	2.4484	-1.3396	-0.0427	-0.6426
0.3185	2.4457	-1.3564	-0.0159	-0.0103
0.3190	2.4437	-1.3649	-0.0042	0.6173
0.3195	2.4477	-1.3508	-0.0055	1.0486
0.3200	2.4532	-1.3201	-0.0091	1.1523
0.3205	2.4554	-1.3136	-0.0026	0.8654
0.3210	2.4576	-1.2981	-0.0037	0.2892
0.3215	2.4566	-1.3107	-0.0049	-0.3574
0.3220	2.4534	-1.3227	-0.0046	-0.8855
0.3225	2.4546	-1.3139	-0.0021	-1.1506
0.3230	2.4483	-1.3420	-0.0006	-1.0703
0.3235	2.4461	-1.3628	-0.0032	-0.6826
0.3240	2.4397	-1.3761	-0.0041	-0.1021
0.3245	2.4426	-1.3797	0.0016	0.4813
0.3250	2.4409	-1.3713	-0.0012	0.9043
0.3255	2.4569	-1.3192	-0.0006	0.9990
0.3260	2.4596	-1.2759	-0.0026	0.7513
0.3265	2.4655	-1.2809	-0.0043	0.2199
0.3270	2.4516	-1.3053	0.0003	-0.3713
0.3275	2.4661	-1.2852	0.0009	-0.8480
0.3280	2.4528	-1.2899	-0.0011	-1.1028
0.3285	2.4653	-1.3098	0.0017	-1.0396
0.3290	2.4359	-1.3412	0.0031	-0.6666
0.3295	2.4634	-1.3533	0.0022	-0.1110
0.3300	2.4135	-1.3713	0.0013	0.4710
0.3305	2.5053	-1.3507	-0.0002	0.8750
0.3310	2.1981	-1.3152	0.0001	0.9999
0.3315	-0.0926	-1.0849	0.0003	0.7348
0.3320	-0.1384	-0.8238	-0.0000	0.0344
0.3325	-0.1007	-0.6667	-0.0010	-0.8005
0.3330	-0.0681	-0.5444	0.0028	-1.4871
0.3335	-0.0606	-0.4694	-0.0006	-1.8137
0.3340	-0.0388	-0.4005	0.0032	-1.6740
0.3345	-0.0323	-0.3452	-0.0332	-1.0963
0.3350	-0.0136	-0.2824	-0.0228	-0.2894
0.3355	-0.0073	-0.2302	-0.0013	0.5323
0.3360	0.0076	-0.1782	-0.0029	1.1278
0.3365	0.0147	-0.1308	0.0014	1.3247
0.3370	0.0247	-0.0912	-0.0059	1.0630
0.3375	0.0266	-0.0810	0.0010	0.4360
0.3380	0.0301	-0.0707	0.0031	-0.3576
0.3385	0.0279	-0.0710	-0.0002	-1.0629
0.3390	0.0284	-0.0747	-0.0005	-1.4852
0.3395	0.0260	-0.0850	0.0014	-1.4969
0.3400	0.0267	-0.0781	0.0008	-1.1050
0.3405	0.0272	-0.0808	0.0043	-0.4300
0.3410	0.0310	-0.0576	0.0039	0.3143
0.3415	0.0336	-0.0496	0.0028	0.9066
0.3420	0.0381	-0.0274	-0.0017	1.1804
0.3425	0.0396	-0.0209	-0.0059	1.0721
0.3430	0.0407	-0.0140	-0.0064	0.6025
0.3435	0.0404	-0.0180	0.0006	-0.0727
0.3440	0.0383	-0.0256	-0.0009	-0.7377
0.3445	0.0352	-0.0356	-0.0018	-1.1845
0.3450	0.0342	-0.0476	0.0008	-1.2931
0.3455	0.0316	-0.0548	0.0028	-1.0289
0.3460	0.0335	-0.0509	0.0010	-0.4810
0.3465	0.0340	-0.0441	-0.0006	0.1839
0.3470	0.0375	-0.0303	-0.0024	0.7589
0.3475	0.0384	-0.0177	0.0013	1.0860
0.3480	0.0428	-0.0118	-0.0066	1.0805
0.3485	0.0411	-0.0073	-0.0038	0.7430
0.3490	0.0438	-0.0092	-0.0012	0.1768
0.3495	0.0379	-0.0162	0.0025	-0.4346
0.3500	0.0407	-0.0316	-0.0042	-0.8990
0.3505	0.0324	-0.0385	-0.0008	-1.0781
0.3510	0.0385	-0.0472	-0.0211	-0.9476
0.3515	0.0289	-0.0463	-0.0348	-0.5214
0.3520	0.0409	-0.0391	-0.0080	0.0441
0.3525	0.0295	-0.0343	-0.0060	0.5750
0.3530	0.0483	-0.0230	-0.0018	0.9357
0.3535	0.0298	-0.0142	-0.0079	0.9986
0.3540	0.0571	-0.0021	-0.0044	0.7612
0.3545	0.0210	-0.0122	-0.0058	0.2729
0.3550	0.0749	-0.0113	-0.0033	-0.2767
0.3555	-0.0275	-0.0332	-0.0047	-0.7460
0.3560	0.3148	-0.0247	-0.0030	-0.9869
0.3565	2.6053	-0.2426	-0.0051	-0.8881
0.3570	2.6290	-0.4957	-0.0004	-0.3592
0.3575	2.6023	-0.6485	-0.0039	0.3796
0.3580	2.5648	-0.7685	-0.0045	1.0798
0.3585	2.5638	-0.8347	-0.0064	1.5089
0.3590	2.5400	-0.8929	-0.0046	1.5171
0.3595	2.5356	-0.9595	-0.0058	1.1154
0.3600	2.5135	-1.0264	-0.0068	0.4126
0.3605	2.5052	-1.0898	-0.0018	-0.3492
0.3610	2.4935	-1.1222	-0.0009	-0.9501
0.3615	2.4913	-1.1557	-0.0042	-1.2366
0.3620	2.4743	-1.2139	-0.0051	-1.1144
0.3625	2.4682	-1.2571	-0.0031	-0.6287
0.3630	2.4591	-1.2825	-0.0028	0.0848
0.3635	2.4582	-1.3001	-0.0033	0.7742
0.3640	2.4593	-1.2879	-0.0048	1.2436
0.3645	2.4721	-1.2354	-0.0067	1.3365
0.3650	2.4694	-1.2436	-0.0052	1.0071
0.3655	2.4668	-1.2618	-0.0049	0.3960
0.3660	2.4620	-1.2803	-0.0044	-0.2996
0.3665	2.4615	-1.2870	-0.0066	-0.8615
0.3670	2.4590	-1.2928	-0.0023	-1.1496
0.3675	2.4525	-1.3255	-0.0088	-1.0643
0.3680	2.4463	-1.3519	-0.0446	-0.6424
0.3685	2.4437	-1.3698	-0.0193	-0.0113
0.3690	2.4428	-1.3696	-0.0038	0.6128
0.3695	2.4472	-1.3571	-0.0059	1.0420
0.3700	2.4609	-1.2872	-0.0070	1.1367
0.3705	2.4645	-1.2714	-0.0077	0.8375
0.3710	2.4602	-1.2874	-0.0044	0.2669
0.3715	2.4591	-1.3028	-0.0024	-0.3733
0.3720	2.4580	-1.2976	-0.0052	-0.8787
0.3725	2.4639	-1.2767	-0.0045	-1.1293
0.3730	2.4559	-1.3057	-0.0006	-1.0650
0.3735	2.4527	-1.3298	-0.0040	-0.6718
0.3740	2.4453	-1.3497	-0.0054	-0.1000
0.3745	2.4480	-1.3546	0.0009	0.4814
0.3750	2.4468	-1.3404	0.0001	0.8893
0.3755	2.4641	-1.2861	-0.0071	0.9896
0.3760	2.4614	-1.2669	-0.0046	0.7359
0.3765	2.4670	-1.2765	-0.0041	0.2303
0.3770	2.4527	-1.3006	0.0006	-0.3538
0.3775	2.4662	-1.2870	-0.0041	-0.8324
0.3780	2.4509	-1.2966	-0.0031	-1.0663
0.3785	2.4616	-1.3326	0.0014	-1.0029
0.3790	2.4321	-1.3579	0.0004	-0.6318
0.3795	2.4598	-1.3726	-0.0015	-0.0950
0.3800	2.4098	-1.3809	0.0003	0.4583
0.3805	2.5040	-1.3635	0.0016	0.8491
0.3810	2.1957	-1.3252	-0.0023	0.9595
0.3815	-0.0949	-1.0926	-0.0027	0.6845
0.3820	-0.1387	-0.8304	-0.0030	0.0044
0.3825	-0.1022	-0.6756	-0.0008	-0.7997
0.3830	-0.0688	-0.5475	0.0038	-1.4789
0.3835	-0.0616	-0.4716	-0.0034	-1.7792
0.3840	-0.0385	-0.4017	0.0024	-1.6169
0.3845	-0.0317	-0.3379	-0.0326	-1.0633
0.3850	-0.0134	-0.2797	-0.0282	-0.2568
0.3855	-0.0063	-0.2271	-0.0048	0.5385
0.3860	0.0082	-0.1740	-0.0091	1.1053
0.3865	0.0147	-0.1299	-0.0028	1.2843
0.3870	0.0245	-0.0951	-0.0047	1.0251
0.3875	0.0268	-0.0719	-0.0018	0.4044
0.3880	0.0294	-0.0666	-0.0018	-0.3755
0.3885	0.0285	-0.0709	-0.0033	-1.0537
0.3890	0.0285	-0.0732	-0.0039	-1.4510
0.3895	0.0264	-0.0828	0.0006	-1.4502
0.3900	0.0264	-0.0808	-0.0014	-1.0701
0.3905	0.0277	-0.0760	-0.0011	-0.4020
0.3910	0.0306	-0.0649	0.0024	0.3267
0.3915	0.0341	-0.0430	-0.0002	0.9012
0.3920	0.0379	-0.0309	-0.0053	1.1582
0.3925	0.0391	-0.0142	-0.0067	1.0386
0.3930	0.0413	-0.0175	-0.0027	0.5685
0.3935	0.0394	-0.0170	-0.0015	-0.0927
0.3940	0.0382	-0.0276	-0.0074	-0.7353
0.3945	0.0355	-0.0350	-0.0026	-1.1676
0.3950	0.0343	-0.0499	-0.0024	-1.2618
0.3955	0.0320	-0.0533	0.0007	-0.9944
0.3960	0.0329	-0.0552	-0.0037	-0.4541
0.3965	0.0339	-0.0382	-0.0023	0.2012
0.3970	0.0379	-0.0283	-0.0028	0.7629
0.3975	0.0387	-0.0179	-0.0016	1.0715
0.3980	0.0427	-0.0091	-0.0102	1.0555
0.3985	0.0407	-0.0046	-0.0048	0.7143
0.3990	0.0436	-0.0064	-0.0026	0.1507
0.3995	0.0378	-0.0186	-0.0017	-0.4496
0.4000	0.0404	-0.0282	-0.0105	-0.8878
0.4005	0.0324	-0.0353	-0.0032	-1.0628
0.4010	0.0390	-0.0423	-0.0195	-0.9117
0.4015	0.0292	-0.0458	-0.0395	-0.4988
0.4020	0.0412	-0.0394	-0.0099	0.0584
0.4025	0.0299	-0.0310	-0.0091	0.5887
0.4030	0.0484	-0.0174	-0.0061	0.9207
0.4035	0.0295	-0.0192	-0.0118	0.9707
0.4040	0.0574	-0.0052	-0.0078	0.7253
0.4045	0.0208	-0.0151	-0.0081	0.2541
0.4050	0.0747	-0.0094	-0.0062	-0.2917
0.4055	-0.0279	-0.0287	-0.0052	-0.7385
0.4060	0.3165	-0.0321	-0.0046	-0.9676
0.4065	2.6063	-0.2349	-0.0038	-0.8600
0.4070	2.6296	-0.4948	-0.0028	-0.3419
0.4075	2.6037	-0.6421	-0.0055	0.3951
0.4080	2.5662	-0.7614	-0.0045	1.0752
0.4085	2.5648	-0.8228	-0.0074	1.4908
0.4090	2.5408	-0.8882	-0.0104	1.4899
0.4095	2.5354	-0.9562	-0.0069	1.0844
0.4100	2.5130	-1.0249	-0.0071	0.3923
0.4105	2.5053	-1.0995	-0.0044	-0.3650
0.4110	2.4933	-1.1201	-0.0034	-0.9395
0.4115	2.4917	-1.1493	-0.0071	-1.2179
0.4120	2.4750	-1.2150	-0.0053	-1.0974
0.4125	2.4688	-1.2556	-0.0062	-0.6013
0.4130	2.4600	-1.2810	-0.0057	0.0948
0.4135	2.4590	-1.2972	-0.0034	0.7657
0.4140	2.4600	-1.2832	-0.0077	1.2342
0.4145	2.4716	-1.2389	-0.0100	1.3161
0.4150	2.4690	-1.2426	-0.0086	0.9822
0.4155	2.4665	-1.2619	-0.0071	0.3791
0.4160	2.4612	-1.2826	-0.0082	-0.3096
0.4165	2.4605	-1.2894	-0.0058	-0.8562
0.4170	2.4612	-1.2840	-0.0051	-1.1298
0.4175	2.4561	-1.3089	-0.0059	-1.0484
0.4180	2.4490	-1.3391	-0.0456	-0.6400
0.4185	2.4468	-1.3553	-0.0218	-0.0234
0.4190	2.4454	-1.3557	-0.0059	0.5885
0.4195	2.4498	-1.3405	-0.0068	1.0303
0.4200	2.4603	-1.2874	-0.0099	1.1231
0.4205	2.4627	-1.2792	-0.0099	0.8561
0.4210	2.4594	-1.2918	-0.0076	0.2944
0.4215	2.4583	-1.3025	-0.0038	-0.3464
0.4220	2.4578	-1.2990	-0.0049	-0.8635
0.4225	2.4624	-1.2829	-0.0090	-1.1264
0.4230	2.4527	-1.3145	-0.0053	-1.0636
0.4235	2.4501	-1.3455	-0.0056	-0.6842
0.4240	2.4419	-1.3625	-0.0052	-0.1099
0.4245	2.4449	-1.3704	-0.0025	0.4774
0.4250	2.4439	-1.3562	-0.0050	0.8835
0.4255	2.4589	-1.3144	-0.0080	0.9964
0.4260	2.4590	-1.2782	-0.0062	0.7426
0.4265	2.4647	-1.2889	-0.0071	0.2327
0.4270	2.4514	-1.3075	-0.0048	-0.3517
0.4275	2.4640	-1.2969	-0.0026	-0.8292
0.4280	2.4513	-1.2984	-0.0046	-1.0774
0.4285	2.4644	-1.3147	-0.0027	-1.0181
0.4290	2.4335	-1.3557	-0.0014	-0.6631
0.4295	2.4619	-1.3585	-0.0043	-0.1136
0.4300	2.4102	-1.3819	0.0005	0.4444
0.4305	2.5044	-1.3580	-0.0040	0.8535
0.4310	2.1898	-1.3462	-0.0045	0.9650
0.4315	-0.0988	-1.1112	-0.0005	0.7168
0.4320	-0.1405	-0.8388	-0.0053	0.0436
0.4325	-0.1034	-0.6776	-0.0035	-0.7826
0.4330	-0.0695	-0.5447	-0.0021	-1.4742
0.4335	-0.0617	-0.4748	-0.0041	-1.8011
0.4340	-0.0387	-0.4017	0.0024	-1.6670
0.4345	-0.0321	-0.3427	-0.0338	-1.1101
0.4350	-0.0133	-0.2804	-0.0337	-0.3017
0.4355	-0.0075	-0.2254	-0.0073	0.5115
0.4360	0.0083	-0.1775	-0.0076	1.1103
0.4365	0.0144	-0.1284	-0.0050	1.3058
0.4370	0.0250	-0.0939	-0.0086	1.0597
0.4375	0.0268	-0.0757	-0.0033	0.4396
0.4380	0.0301	-0.0673	-0.0030	-0.3444
0.4385	0.0283	-0.0691	-0.0050	-1.0440
0.4390	0.0286	-0.0710	-0.0087	-1.4754
0.4395	0.0263	-0.0789	-0.0015	-1.4942
0.4400	0.0266	-0.0797	-0.0024	-1.1197
0.4405	0.0272	-0.0747	-0.0053	-0.4479
0.4410	0.0307	-0.0628	-0.0011	0.2924
0.4415	0.0340	-0.0473	-0.0009	0.8829
0.4420	0.0381	-0.0289	-0.0055	1.1723
0.4425	0.0398	-0.0192	-0.0090	1.0624
0.4430	0.0417	-0.0118	-0.0074	0.6046
0.4435	0.0399	-0.0135	-0.0032	-0.0715
0.4440	0.0384	-0.0235	-0.0055	-0.7156
0.4445	0.0359	-0.0382	-0.0051	-1.1686
0.4450	0.0344	-0.0449	-0.0018	-1.2795
0.4455	0.0319	-0.0525	-0.0014	-1.0343
0.4460	0.0327	-0.0518	-0.0069	-0.4894
0.4465	0.0341	-0.0418	-0.0043	0.1636
0.4470	0.0378	-0.0338	-0.0028	0.7395
0.4475	0.0378	-0.0168	-0.0062	1.0683
0.4480	0.0431	-0.0078	-0.0121	1.0799
0.4485	0.0405	-0.0050	-0.0053	0.7508
0.4490	0.0438	-0.0080	-0.0011	0.1813
0.4495	0.0380	-0.0171	-0.0044	-0.4189
0.4500	0.0409	-0.0270	-0.0101	-0.8886
0.4505	0.0322	-0.0382	-0.0040	-1.0750
0.4510	0.0386	-0.0425	-0.0219	-0.9490
0.4515	0.0292	-0.0469	-0.0450	-0.5350
0.4520	0.0408	-0.0403	-0.0148	0.0273
0.4525	0.0287	-0.0329	-0.0070	0.5606
0.4530	0.0484	-0.0225	-0.0050	0.9134
0.4535	0.0290	-0.0127	-0.0132	0.9975
0.4540	0.0570	-0.0040	-0.0105	0.7622
0.4545	0.0211	-0.0124	-0.0080	0.2821
0.4550	0.0750	-0.0077	-0.0071	-0.2699
0.4555	-0.0287	-0.0300	-0.0117	-0.7294
0.4560	0.3171	-0.0260	-0.0065	-0.9766
0.4565	2.6072	-0.2383	-0.0053	-0.8813
0.4570	2.6276	-0.5007	-0.0062	-0.3612
0.4575	2.6020	-0.6519	-0.0057	0.3716
0.4580	2.5637	-0.7742	-0.0102	1.0638
0.4585	2.5628	-0.8383	-0.0098	1.5039
0.4590	2.5387	-0.9014	-0.0110	1.5169
0.4595	2.5344	-0.9612	-0.0112	1.1165
0.4600	2.5118	-1.0319	-0.0102	0.4133
0.4605	2.5041	-1.1006	-0.0076	-0.3525
0.4610	2.4918	-1.1284	-0.0070	-0.9454
0.4615	2.4906	-1.1559	-0.0089	-1.2321
0.4620	2.4744	-1.2166	-0.0093	-1.1215
0.4625	2.4684	-1.2575	-0.0080	-0.6300
0.4630	2.4598	-1.2858	-0.0064	0.0698
0.4635	2.4583	-1.3026	-0.0037	0.7554
0.4640	2.4601	-1.2887	-0.0117	1.2378
0.4645	2.4728	-1.2309	-0.0129	1.3278
0.4650	2.4696	-1.2451	-0.0098	1.0106
0.4655	2.4667	-1.2581	-0.0100	0.4023
0.4660	2.4612	-1.2783	-0.0093	-0.2882
0.4665	2.4610	-1.2902	-0.0091	-0.8521
0.4670	2.4602	-1.2883	-0.0089	-1.1357
0.4675	2.4530	-1.3254	-0.0079	-1.0640
0.4680	2.4493	-1.3391	-0.0468	-0.6557
0.4685	2.4488	-1.3440	-0.0288	-0.0444
0.4690	2.4489	-1.3454	-0.0085	0.5694
0.4695	2.4522	-1.3279	-0.0089	0.9931
0.4700	2.4620	-1.2808	-0.0091	1.1142
0.4705	2.4637	-1.2681	-0.0144	0.8547
0.4710	2.4596	-1.2903	-0.0096	0.3201
0.4715	2.4581	-1.3008	-0.0057	-0.2912
0.4720	2.4572	-1.2984	-0.0066	-0.8043
0.4725	2.4594	-1.3002	-0.0118	-1.0797
0.4730	2.4513	-1.3250	-0.0061	-1.0375
0.4735	2.4486	-1.3515	-0.0061	-0.6861
0.4740	2.4425	-1.3618	-0.0066	-0.1523
0.4745	2.4457	-1.3667	-0.0059	0.4135
0.4750	2.4433	-1.3618	-0.0075	0.8231
0.4755	2.4591	-1.3075	-0.0088	0.9482
0.4760	2.4581	-1.2814	-0.0092	0.7353
0.4765	2.4660	-1.2795	-0.0102	0.2531
0.4770	2.4532	-1.3013	-0.0049	-0.3031
0.4775	2.4656	-1.2896	-0.0073	-0.7732
0.4780	2.4488	-1.3051	-0.0052	-1.0242
0.4785	2.4609	-1.3316	-0.0047	-0.9785
0.4790	2.4317	-1.3583	-0.0040	-0.6354
0.4795	2.4610	-1.3661	-0.0064	-0.1244
0.4800	2.4123	-1.3652	-0.0026	0.3939
0.4805	2.5077	-1.3507	-0.0040	0.7686
0.4810	2.1956	-1.3153	-0.0082	0.8873
0.4815	-0.0925	-1.0762	-0.0068	0.6474
0.4820	-0.1332	-0.8045	-0.0056	0.0056
0.4825	-0.0971	-0.6471	-0.0054	-0.7778
0.4830	-0.0627	-0.5138	-0.0042	-1.4251
0.4835	-0.0567	-0.4537	-0.0053	-1.7358
0.4840	-0.0339	-0.3796	-0.0003	-1.5798
0.4845	-0.0290	-0.3235	-0.0324	-1.0461
0.4850	-0.0103	-0.2663	-0.0383	-0.2661
0.4855	-0.0047	-0.2206	-0.0080	0.5095
0.4860	0.0097	-0.1719	-0.0132	1.0642
0.4865	0.0151	-0.1291	-0.0063	1.2477
0.4870	0.0258	-0.0916	-0.0102	1.0017
0.4875	0.0267	-0.0731	-0.0028	0.3947
0.4880	0.0306	-0.0666	-0.0046	-0.3595
0.4885	0.0285	-0.0659	-0.0067	-1.0296
0.4890	0.0290	-0.0725	-0.0071	-1.4157
0.4895	0.0265	-0.0766	-0.0043	-1.4237
0.4900	0.0273	-0.0816	-0.0043	-1.0521
0.4905	0.0275	-0.0718	-0.0021	-0.4016
0.4910	0.0308	-0.0625	-0.0023	0.3166
0.4915	0.0342	-0.0474	-0.0055	0.8666
0.4920	0.0376	-0.0307	-0.0102	1.1299
0.4925	0.0400	-0.0177	-0.0111	1.0187
0.4930	0.0412	-0.0143	-0.0069	0.5644
0.4935	0.0395	-0.0156	-0.0049	-0.0881
0.4940	0.0384	-0.0261	-0.0073	-0.7156
0.4945	0.0354	-0.0341	-0.0046	-1.1380
0.4950	0.0344	-0.0432	-0.0055	-1.2342
0.4955	0.0323	-0.0451	-0.0014	-0.9684
0.4960	0.0328	-0.0503	-0.0068	-0.4508
0.4965	0.0338	-0.0432	-0.0058	0.1891
0.4970	0.0376	-0.0302	-0.0052	0.7419
0.4975	0.0387	-0.0188	-0.0085	1.0508
0.4980	0.0431	-0.0120	-0.0132	1.0359
0.4985	0.0406	-0.0095	-0.0075	0.7031
0.4990	0.0434	-0.0095	-0.0046	0.1503
0.4995	0.0378	-0.0174	-0.0064	-0.4265
0.5000	0.0408	-0.0275	-0.0088	-0.8706
0.5005	0.0322	-0.0369	-0.0061	-1.0433
0.5010	0.0388	-0.0447	-0.0186	-0.8981
0.5015	0.0292	-0.0510	-0.0457	-0.4909
0.5020	0.0414	-0.0400	-0.0182	0.0636
0.5025	0.0291	-0.0339	-0.0113	0.5702
0.5030	0.0484	-0.0209	-0.0076	0.9001
0.5035	0.0291	-0.0153	-0.0136	0.9557
0.5040	0.0572	-0.0045	-0.0115	0.7101
0.5045	0.0206	-0.0145	-0.0119	0.2530
0.5050	0.0752	-0.0155	-0.0077	-0.2941
0.5055	-0.0284	-0.0298	-0.0103	-0.7271
0.5060	0.3186	-0.0275	-0.0051	-0.9537
0.5065	2.6085	-0.2364	-0.0083	-0.8452
0.5070	2.6281	-0.4994	-0.0076	-0.3250
0.5075	2.6031	-0.6484	-0.0099	0.3942
0.5080	2.5650	-0.7668	-0.0101	1.0769
0.5085	2.5646	-0.8306	-0.0098	1.4879
0.5090	2.5396	-0.8935	-0.0096	1.4840
0.5095	2.5359	-0.9604	-0.0077	1.0731
0.5100	2.5123	-1.0294	-0.0113	0.3770
0.5105	2.5048	-1.0914	-0.0083	-0.3600
0.5110	2.4921	-1.1222	-0.0064	-0.9371
0.5115	2.4917	-1.1537	-0.0083	-1.2037
0.5120	2.4753	-1.2113	-0.0076	-1.0740
0.5125	2.4687	-1.2544	-0.0063	-0.5936
0.5130	2.4596	-1.2830	-0.0064	0.0984
0.5135	2.4585	-1.2996	-0.0062	0.7653
0.5140	2.4601	-1.2856	-0.0117	1.2311
0.5145	2.4725	-1.2352	-0.0081	1.2968
0.5150	2.4693	-1.2431	-0.0097	0.9726
0.5155	2.4668	-1.2620	-0.0079	0.3685
0.5160	2.4608	-1.2847	-0.0114	-0.3146
0.5165	2.4605	-1.2879	-0.0058	-0.8448
0.5170	2.4599	-1.2963	-0.0080	-1.1133
0.5175	2.4531	-1.3227	-0.0043	-1.0218
0.5180	2.4488	-1.3397	-0.0432	-0.6147
0.5185	2.4488	-1.3438	-0.0314	-0.0195
0.5190	2.4491	-1.3451	-0.0079	0.5698
0.5195	2.4531	-1.3257	-0.0092	0.9854
0.5200	2.4633	-1.2774	-0.0101	1.0790
0.5205	2.4651	-1.2679	-0.0133	0.8064
0.5210	2.4600	-1.2902	-0.0079	0.2859
0.5215	2.4583	-1.3008	-0.0053	-0.3148
0.5220	2.4574	-1.2967	-0.0066	-0.8041
0.5225	2.4600	-1.2963	-0.0078	-1.0617
0.5230	2.4503	-1.3282	-0.0054	-0.9951
0.5235	2.4476	-1.3522	-0.0058	-0.6418
0.5240	2.4414	-1.3676	-0.0052	-0.1082
0.5245	2.4446	-1.3670	-0.0034	0.4346
0.5250	2.4429	-1.3568	-0.0051	0.8146
0.5255	2.4599	-1.3071	-0.0056	0.9046
0.5260	2.4584	-1.2782	-0.0083	0.6755
0.5265	2.4658	-1.2826	-0.0034	0.1994
0.5270	2.4523	-1.3001	-0.0028	-0.3473
0.5275	2.4658	-1.2915	-0.0044	-0.7778
0.5280	2.4491	-1.3008	-0.0049	-1.0047
0.5285	2.4605	-1.3336	-0.0007	-0.9327
0.5290	2.4315	-1.3564	-0.0042	-0.5860
0.5295	2.4612	-1.3683	-0.0046	-0.0803
0.5300	2.4108	-1.3770	-0.0014	0.4281
0.5305	2.5055	-1.3550	-0.0031	0.7815
0.5310	2.1939	-1.3166	-0.0054	0.8791
0.5315	-0.0935	-1.0741	-0.0059	0.6070
0.5320	-0.1346	-0.8143	-0.0033	-0.0448
0.5325	-0.0984	-0.6525	-0.0051	-0.8182
0.5330	-0.0649	-0.5243	-0.0015	-1.4435
0.5335	-0.0576	-0.4561	-0.0041	-1.7229
0.5340	-0.0343	-0.3821	0.0012	-1.5548
0.5345	-0.0294	-0.3238	-0.0262	-0.9897
0.5350	-0.0103	-0.2723	-0.0374	-0.2168
0.5355	-0.0051	-0.2198	-0.0095	0.5470
0.5360	0.0101	-0.1731	-0.0076	1.0888
0.5365	0.0146	-0.1251	-0.0027	1.2363
0.5370	0.0252	-0.0933	-0.0042	0.9760
0.5375	0.0269	-0.0755	-0.0002	0.3533
0.5380	0.0302	-0.0671	-0.0023	-0.3936
0.5385	0.0288	-0.0678	-0.0059	-1.0449
0.5390	0.0293	-0.0742	-0.0034	-1.4197
0.5395	0.0269	-0.0767	-0.0000	-1.4055
0.5400	0.0271	-0.0777	-0.0009	-1.0128
0.5405	0.0279	-0.0684	-0.0032	-0.3588
0.5410	0.0310	-0.0562	0.0027	0.3422
0.5415	0.0339	-0.0473	-0.0000	0.8872
0.5420	0.0377	-0.0272	-0.0067	1.1267
0.5425	0.0396	-0.0173	-0.0067	0.9970
0.5430	0.0409	-0.0126	-0.0022	0.5255
0.5435	0.0396	-0.0180	-0.0022	-0.1184
0.5440	0.0379	-0.0232	-0.0059	-0.7381
0.5445	0.0353	-0.0368	-0.0020	-1.1414
0.5450	0.0347	-0.0453	0.0018	-1.2146
0.5455	0.0323	-0.0511	-0.0016	-0.9478
0.5460	0.0332	-0.0519	-0.0021	-0.4108
0.5465	0.0336	-0.0429	-0.0021	0.2190
0.5470	0.0379	-0.0327	0.0002	0.7515
0.5475	0.0382	-0.0182	-0.0023	1.0527
0.5480	0.0428	-0.0098	-0.0080	1.0140
0.5485	0.0407	-0.0081	-0.0039	0.6677
0.5490	0.0434	-0.0108	-0.0012	0.1179
0.5495	0.0373	-0.0175	-0.0029	-0.4578
0.5500	0.0405	-0.0305	-0.0080	-0.8810
0.5505	0.0323	-0.0359	0.0002	-1.0335
0.5510	0.0388	-0.0388	-0.0109	-0.8732
0.5515	0.0297	-0.0427	-0.0413	-0.4524
0.5520	0.0418	-0.0361	-0.0156	0.0851
0.5525	0.0295	-0.0296	-0.0053	0.5914
0.5530	0.0485	-0.0195	-0.0033	0.9058
0.5535	0.0289	-0.0119	-0.0067	0.9425
0.5540	0.0577	-0.0065	-0.0066	0.6914
0.5545	0.0199	-0.0148	-0.0057	0.2167
0.5550	0.0752	-0.0092	-0.0072	-0.3172
0.5555	-0.0294	-0.0306	-0.0061	-0.7328
0.5560	0.3194	-0.0297	-0.0023	-0.9467
0.5565	2.6092	-0.2336	-0.0024	-0.8275
0.5570	2.6275	-0.5005	-0.0044	-0.2947
0.5575	2.6025	-0.6530	-0.0037	0.4293
0.5580	2.5642	-0.7688	-0.0051	1.0949
0.5585	2.5641	-0.8319	-0.0052	1.4908
0.5590	2.5382	-0.8974	-0.0064	1.4727
0.5595	2.5339	-0.9656	-0.0046	1.0575
0.5600	2.5101	-1.0350	-0.0058	0.3568
0.5605	2.5036	-1.0956	-0.0038	-0.3854
0.5610	2.4908	-1.1339	-0.0028	-0.9517
0.5615	2.4903	-1.1565	-0.0040	-1.1971
0.5620	2.4739	-1.2156	-0.0056	-1.0612
0.5625	2.4684	-1.2569	-0.0021	-0.5661
0.5630	2.4598	-1.2843	-0.0023	0.1219
0.5635	2.4588	-1.2989	-0.0006	0.7815
0.5640	2.4620	-1.2816	-0.0065	1.2262
0.5645	2.4724	-1.2409	-0.0042	1.2962
0.5650	2.4679	-1.2549	-0.0024	0.9640
0.5655	2.4655	-1.2656	-0.0047	0.3537
0.5660	2.4598	-1.2844	-0.0043	-0.3290
0.5665	2.4609	-1.2913	-0.0014	-0.8522
0.5670	2.4593	-1.2922	-0.0017	-1.1090
0.5675	2.4516	-1.3291	-0.0003	-1.0125
0.5680	2.4461	-1.3484	-0.0367	-0.5878
0.5685	2.4432	-1.3685	-0.0263	0.0239
0.5690	2.4425	-1.3685	-0.0038	0.6261
0.5695	2.4480	-1.3509	-0.0088	1.0250
0.5700	2.4599	-1.2878	-0.0037	1.0961
0.5705	2.4613	-1.2836	-0.0046	0.7861
0.5710	2.4584	-1.2943	-0.0030	0.2286
0.5715	2.4567	-1.3057	-0.0033	-0.3906
0.5720	2.4569	-1.3013	-0.0012	-0.8711
0.5725	2.4613	-1.2862	-0.0026	-1.1013
0.5730	2.4510	-1.3260	0.0008	-1.0039
0.5735	2.4499	-1.3436	-0.0027	-0.6072
0.5740	2.4431	-1.3638	-0.0021	-0.0499
0.5745	2.4462	-1.3624	0.0040	0.4976
0.5750	2.4444	-1.3508	-0.0007	0.8784
0.5755	2.4649	-1.2875	-0.0016	0.9408
0.5760	2.4649	-1.2461	-0.0018	0.6576
0.5765	2.4693	-1.2665	-0.0041	0.1422
0.5770	2.4546	-1.2903	0.0033	-0.4060
0.5775	2.4694	-1.2741	0.0013	-0.8370
0.5780	2.4568	-1.2721	-0.0018	-1.0507
0.5785	2.4677	-1.2997	0.0018	-0.9587
0.5790	2.4362	-1.3386	0.0038	-0.5791
0.5795	2.4655	-1.3439	0.0014	-0.0358
0.5800	2.4153	-1.3565	0.0027	0.4990
0.5805	2.5119	-1.3292	0.0000	0.8433
0.5810	2.2001	-1.2840	0.0021	0.9123
0.5815	-0.0896	-1.0564	-0.0009	0.6107
0.5820	-0.1309	-0.7967	0.0003	-0.0734
0.5825	-0.0968	-0.6471	-0.0006	-0.8682
0.5830	-0.0615	-0.5146	0.0056	-1.5058
0.5835	-0.0558	-0.4434	0.0021	-1.7640
0.5840	-0.0333	-0.3705	0.0085	-1.5734
0.5845	-0.0282	-0.3211	-0.0167	-0.9851
0.5850	-0.0094	-0.2605	-0.0345	-0.1841
0.5855	-0.0044	-0.2122	-0.0049	0.5952
0.5860	0.0109	-0.1634	-0.0025	1.1267
0.5865	0.0164	-0.1200	0.0008	1.2671
0.5870	0.0261	-0.0859	-0.0007	0.9735
0.5875	0.0274	-0.0727	0.0037	0.3293
0.5880	0.0306	-0.0662	0.0022	-0.4321
0.5885	0.0282	-0.0698	0.0021	-1.0931
0.5890	0.0288	-0.0734	0.0025	-1.4601
0.5895	0.0266	-0.0783	0.0053	-1.4217
0.5900	0.0277	-0.0749	0.0050	-1.0080
0.5905	0.0274	-0.0709	0.0053	-0.3380
0.5910	0.0308	-0.0587	0.0028	0.3763
0.5915	0.0343	-0.0455	0.0039	0.9267
0.5920	0.0380	-0.0271	-0.0009	1.1532
0.5925	0.0402	-0.0199	-0.0031	1.0020
0.5930	0.0413	-0.0121	-0.0026	0.5123
0.5935	0.0392	-0.0179	0.0024	-0.1551
0.5940	0.0381	-0.0244	0.0016	-0.7821
0.5945	0.0349	-0.0357	0.0004	-1.1828
0.5950	0.0337	-0.0441	0.0033	-1.2457
0.5955	0.0319	-0.0567	0.0047	-0.9536
0.5960	0.0333	-0.0492	0.0024	-0.4012
0.5965	0.0340	-0.0417	0.0003	0.2449
0.5970	0.0380	-0.0304	0.0024	0.7815
0.5975	0.0383	-0.0189	0.0029	1.0732
0.5980	0.0431	-0.0063	-0.0023	1.0237
0.5985	0.0408	-0.0102	-0.0022	0.6569
0.5990	0.0433	-0.0112	0.0017	0.0988
0.5995	0.0372	-0.0184	0.0006	-0.4945
0.6000	0.0407	-0.0245	-0.0017	-0.9148
0.6005	0.0322	-0.0370	-0.0002	-1.0555
0.6010	0.0389	-0.0442	-0.0057	-0.8918
0.6015	0.0290	-0.0438	-0.0364	-0.4473
0.6020	0.0414	-0.0396	-0.0165	0.1016
0.6025	0.0295	-0.0338	-0.0043	0.6117
0.6030	0.0490	-0.0186	-0.0048	0.9277
0.6035	0.0294	-0.0130	-0.0043	0.9531
0.6040	0.0577	-0.0062	-0.0052	0.6802
0.6045	0.0203	-0.0147	-0.0046	0.1974
0.6050	0.0755	-0.0129	-0.0021	-0.3357
0.6055	-0.0295	-0.0286	-0.0022	-0.7634
0.6060	0.3199	-0.0262	-0.0005	-0.9714
0.6065	2.6103	-0.2413	-0.0009	-0.8314
0.6070	2.6280	-0.4974	0.0008	-0.3012
0.6075	2.6036	-0.6461	-0.0001	0.4393
0.6080	2.5652	-0.7667	-0.0005	1.1124
0.6085	2.5644	-0.8314	-0.0031	1.5130
0.6090	2.5400	-0.8926	-0.0031	1.5020
0.6095	2.5357	-0.9576	-0.0032	1.0607
0.6100	2.5122	-1.0245	-0.0049	0.3526
0.6105	2.5051	-1.0949	-0.0021	-0.3972
0.6110	2.4932	-1.1221	-0.0003	-0.9683
0.6115	2.4929	-1.1473	-0.0030	-1.2303
0.6120	2.4767	-1.2054	-0.0026	-1.0868
0.6125	2.4708	-1.2436	-0.0006	-0.5842
0.6130	2.4614	-1.2760	-0.0011	0.1265
0.6135	2.4605	-1.2870	0.0023	0.7969
0.6140	2.4624	-1.2727	-0.0033	1.2569
0.6145	2.4744	-1.2270	-0.0070	1.3157
0.6150	2.4704	-1.2403	-0.0052	0.9726
0.6155	2.4676	-1.2565	0.0007	0.3592
0.6160	2.4611	-1.2805	-0.0047	-0.3315
0.6165	2.4613	-1.2849	-0.0025	-0.8693
0.6170	2.4607	-1.2883	-0.0045	-1.1344
0.6175	2.4535	-1.3227	0.0044	-1.0402
0.6180	2.4481	-1.3400	-0.0308	-0.6183
0.6185	2.4456	-1.3614	-0.0312	0.0074
0.6190	2.4445	-1.3630	-0.0020	0.6128
0.6195	2.4499	-1.3353	-0.0064	1.0386
0.6200	2.4614	-1.2837	-0.0020	1.1146
0.6205	2.4620	-1.2830	-0.0067	0.8138
0.6210	2.4589	-1.2931	-0.0032	0.2582
0.6215	2.4575	-1.3037	-0.0006	-0.3777
0.6220	2.4587	-1.2979	-0.0017	-0.8813
0.6225	2.4612	-1.2902	-0.0049	-1.1256
0.6230	2.4512	-1.3277	0.0010	-1.0504
0.6235	2.4508	-1.3393	0.0005	-0.6655
0.6240	2.4460	-1.3435	-0.0027	-0.0947
0.6245	2.4493	-1.3476	0.0006	0.4593
0.6250	2.4487	-1.3291	-0.0005	0.8629
0.6255	2.4609	-1.2965	-0.0005	0.9506
0.6260	2.4595	-1.2730	-0.0000	0.7094
0.6265	2.4695	-1.2677	-0.0061	0.2152
0.6270	2.4536	-1.2948	0.0007	-0.3457
0.6275	2.4679	-1.2806	0.0016	-0.8070
0.6280	2.4463	-1.3192	-0.0040	-1.0459
0.6285	2.4589	-1.3476	-0.0015	-0.9660
0.6290	2.4310	-1.3624	0.0022	-0.6111
0.6295	2.4617	-1.3676	0.0010	-0.0806
0.6300	2.4100	-1.3796	0.0008	0.4325
0.6305	2.5067	-1.3589	0.0003	0.8062
0.6310	2.1884	-1.3235	-0.0004	0.9075
0.6315	-0.0943	-1.0683	0.0000	0.6390
0.6320	-0.1320	-0.8069	-0.0017	-0.0381
0.6325	-0.0979	-0.6443	-0.0021	-0.8135
0.6330	-0.0636	-0.5261	0.0039	-1.4669
0.6335	-0.0585	-0.4550	-0.0011	-1.7537
0.6340	-0.0354	-0.3894	0.0039	-1.5807
0.6345	-0.0309	-0.3305	-0.0156	-1.0105
0.6350	-0.0105	-0.2707	-0.0384	-0.2149
0.6355	-0.0053	-0.2163	-0.0068	0.5557
0.6360	0.0103	-0.1655	-0.0074	1.1017
0.6365	0.0156	-0.1267	-0.0031	1.2667
0.6370	0.0256	-0.0891	-0.0039	0.9845
0.6375	0.0269	-0.0783	-0.0003	0.3618
0.6380	0.0308	-0.0696	-0.0017	-0.4030
0.6385	0.0285	-0.0653	-0.0012	-1.0557
0.6390	0.0288	-0.0728	-0.0043	-1.4419
0.6395	0.0262	-0.0732	-0.0003	-1.4292
0.6400	0.0270	-0.0778	-0.0005	-1.0260
0.6405	0.0273	-0.0780	0.0013	-0.3636
0.6410	0.0313	-0.0617	0.0003	0.3420
0.6415	0.0333	-0.0434	-0.0022	0.8943
0.6420	0.0379	-0.0263	-0.0033	1.1435
0.6425	0.0399	-0.0150	-0.0082	1.0028
0.6430	0.0413	-0.0133	-0.0059	0.5395
0.6435	0.0392	-0.0165	-0.0013	-0.1291
0.6440	0.0382	-0.0263	-0.0044	-0.7468
0.6445	0.0351	-0.0359	-0.0054	-1.1609
0.6450	0.0344	-0.0476	0.0004	-1.2437
0.6455	0.0322	-0.0505	0.0024	-0.9569
0.6460	0.0335	-0.0495	-0.0009	-0.4215
0.6465	0.0338	-0.0432	-0.0033	0.2229
0.6470	0.0376	-0.0326	-0.0004	0.7605
0.6475	0.0384	-0.0156	-0.0008	1.0578
0.6480	0.0429	-0.0094	-0.0064	1.0313
0.6485	0.0404	-0.0039	-0.0077	0.6839
0.6490	0.0434	-0.0109	-0.0007	0.1220
0.6495	0.0378	-0.0190	-0.0039	-0.4609
0.6500	0.0408	-0.0285	-0.0072	-0.8871
0.6505	0.0320	-0.0362	-0.0052	-1.0471
0.6510	0.0388	-0.0430	-0.0075	-0.8890
0.6515	0.0290	-0.0464	-0.0399	-0.4627
0.6520	0.0413	-0.0394	-0.0268	0.0817
0.6525	0.0294	-0.0323	-0.0096	0.5904
0.6530	0.0488	-0.0168	-0.0057	0.9107
0.6535	0.0288	-0.0118	-0.0113	0.9531
0.6540	0.0576	-0.0090	-0.0117	0.7028
0.6545	0.0200	-0.0130	-0.0073	0.2271
0.6550	0.0755	-0.0154	-0.0073	-0.3115
0.6555	-0.0298	-0.0309	-0.0071	-0.7451
0.6560	0.3209	-0.0288	-0.0096	-0.9511
0.6565	2.6103	-0.2417	-0.0061	-0.8349
0.6570	2.6271	-0.5023	-0.0044	-0.3004
0.6575	2.6031	-0.6507	-0.0057	0.4247
0.6580	2.5640	-0.7683	-0.0076	1.1037
0.6585	2.5642	-0.8353	-0.0094	1.5059
0.6590	2.5394	-0.8944	-0.0087	1.4868
0.6595	2.5350	-0.9632	-0.0105	1.0610
0.6600	2.5119	-1.0266	-0.0110	0.3608
0.6605	2.5050	-1.0890	-0.0059	-0.3930
0.6610	2.4926	-1.1276	-0.0047	-0.9575
0.6615	2.4905	-1.1547	-0.0079	-1.2164
0.6620	2.4728	-1.2227	-0.0099	-1.0820
0.6625	2.4686	-1.2573	-0.0066	-0.5758
0.6630	2.4598	-1.2864	-0.0096	0.1106
0.6635	2.4592	-1.2978	-0.0042	0.7843
0.6640	2.4600	-1.2841	-0.0117	1.2364
0.6645	2.4733	-1.2294	-0.0120	1.2972
0.6650	2.4701	-1.2386	-0.0118	0.9601
0.6655	2.4672	-1.2631	-0.0109	0.3489
0.6660	2.4615	-1.2823	-0.0093	-0.3328
0.6665	2.4597	-1.2924	-0.0063	-0.8601
0.6670	2.4553	-1.3098	-0.0103	-1.1212
0.6675	2.4482	-1.3432	-0.0015	-1.0068
0.6680	2.4459	-1.3562	-0.0343	-0.5808
0.6685	2.4439	-1.3656	-0.0403	0.0187
0.6690	2.4452	-1.3568	-0.0099	0.6044
0.6695	2.4484	-1.3443	-0.0109	1.0032
0.6700	2.4575	-1.3026	-0.0109	1.0804
0.6705	2.4622	-1.2861	-0.0146	0.7847
0.6710	2.4570	-1.3017	-0.0106	0.2273
0.6715	2.4563	-1.3096	-0.0053	-0.3594
0.6720	2.4556	-1.3067	-0.0086	-0.8433
0.6725	2.4569	-1.3126	-0.0103	-1.0736
0.6730	2.4459	-1.3520	-0.0079	-0.9910
0.6735	2.4446	-1.3745	-0.0081	-0.6011
0.6740	2.4378	-1.3864	-0.0063	-0.0601
0.6745	2.4415	-1.3866	-0.0078	0.4732
0.6750	2.4388	-1.3752	-0.0064	0.8423
0.6755	2.4561	-1.3229	-0.0091	0.9163
0.6760	2.4559	-1.2943	-0.0093	0.6633
0.6765	2.4633	-1.2964	-0.0102	0.1573
0.6770	2.4501	-1.3119	-0.0087	-0.3899
0.6775	2.4645	-1.2993	-0.0055	-0.8190
0.6780	2.4451	-1.3175	-0.0062	-1.0308
0.6785	2.4561	-1.3608	-0.0049	-0.9278
0.6790	2.4266	-1.3818	-0.0038	-0.5511
0.6795	2.4568	-1.3907	-0.0051	-0.0224
0.6800	2.4048	-1.3972	-0.0034	0.4876
0.6805	2.5026	-1.3780	-0.0084	0.8273
0.6810	2.1823	-1.3435	-0.0068	0.8892
0.6815	-0.1016	-1.1002	-0.0066	0.5895
0.6820	-0.1365	-0.8281	-0.0076	-0.0965
0.6825	-0.1028	-0.6730	-0.0070	-0.8775
0.6830	-0.0677	-0.5434	-0.0057	-1.5063
0.6835	-0.0627	-0.4780	-0.0054	-1.7628
0.6840	-0.0374	-0.3930	-0.0004	-1.5635
0.6845	-0.0317	-0.3422	-0.0178	-0.9729
0.6850	-0.0121	-0.2783	-0.0459	-0.1787
0.6855	-0.0062	-0.2237	-0.0144	0.5891
0.6860	0.0092	-0.1720	-0.0115	1.1217
0.6865	0.0147	-0.1311	-0.0073	1.2548
0.6870	0.0250	-0.0943	-0.0099	0.9519
0.6875	0.0260	-0.0752	-0.0059	0.3144
0.6880	0.0296	-0.0681	-0.0065	-0.4463
0.6885	0.0280	-0.0679	-0.0077	-1.1004
0.6890	0.0286	-0.0752	-0.0097	-1.4591
0.6895	0.0264	-0.0848	-0.0049	-1.4156
0.6900	0.0271	-0.0845	-0.0037	-0.9991
0.6905	0.0277	-0.0710	-0.0035	-0.3291
0.6910	0.0313	-0.0612	-0.0054	0.3829
0.6915	0.0340	-0.0456	-0.0049	0.9209
0.6920	0.0376	-0.0265	-0.0099	1.1364
0.6925	0.0400	-0.0165	-0.0127	0.9811
0.6930	0.0407	-0.0130	-0.0120	0.4970
0.6935	0.0394	-0.0163	-0.0067	-0.1629
0.6940	0.0380	-0.0282	-0.0081	-0.7873
0.6945	0.0354	-0.0391	-0.0094	-1.1782
0.6950	0.0337	-0.0485	-0.0077	-1.2303
0.6955	0.0319	-0.0540	-0.0059	-0.9409
0.6960	0.0335	-0.0503	-0.0060	-0.3819
0.6965	0.0338	-0.0456	-0.0111	0.2576
0.6970	0.0381	-0.0321	-0.0079	0.7904
0.6975	0.0385	-0.0197	-0.0091	1.0691
0.6980	0.0428	-0.0104	-0.0124	1.0177
0.6985	0.0404	-0.0071	-0.0104	0.6571
0.6990	0.0436	-0.0068	-0.0056	0.0893
0.6995	0.0374	-0.0206	-0.0077	-0.4924
0.7000	0.0406	-0.0283	-0.0081	-0.9049
0.7005	0.0321	-0.0383	-0.0156	-1.0472
0.7010	0.0383	-0.0407	-0.0090	-0.8670
0.7015	0.0287	-0.0491	-0.0463	-0.4333
0.7020	0.0415	-0.0378	-0.0298	0.1152
0.7025	0.0292	-0.0323	-0.0124	0.6203
0.7030	0.0487	-0.0184	-0.0128	0.9279
0.7035	0.0289	-0.0081	-0.0156	0.9547
0.7040	0.0573	-0.0044	-0.0152	0.6797
0.7045	0.0198	-0.0127	-0.0127	0.1925
0.7050	0.0756	-0.0139	-0.0138	-0.3409
0.7055	-0.0301	-0.0315	-0.0109	-0.7575
0.7060	0.3217	-0.0253	-0.0116	-0.9589
0.7065	2.6100	-0.2443	-0.0113	-0.8168
0.7070	2.6260	-0.5056	-0.0094	-0.2791
0.7075	2.6025	-0.6503	-0.0084	0.4603
0.7080	2.5629	-0.7791	-0.0129	1.1373
0.7085	2.5627	-0.8416	-0.0152	1.5171
0.7090	2.5378	-0.9020	-0.0133	1.4950
0.7095	2.5335	-0.9682	-0.0125	1.0563
0.7100	2.5106	-1.0400	-0.0144	0.3370
0.7105	2.5034	-1.0975	-0.0116	-0.4208
0.7110	2.4909	-1.1327	-0.0112	-0.9853
0.7115	2.4882	-1.1703	-0.0106	-1.2259
0.7120	2.4720	-1.2239	-0.0121	-1.0640
0.7125	2.4666	-1.2635	-0.0133	-0.5504
0.7130	2.4585	-1.2878	-0.0099	0.1528
0.7135	2.4577	-1.3026	-0.0082	0.8110
0.7140	2.4611	-1.2815	-0.0114	1.2571
0.7145	2.4732	-1.2347	-0.0164	1.2978
0.7150	2.4682	-1.2517	-0.0159	0.9415
0.7155	2.4663	-1.2623	-0.0098	0.3245
0.7160	2.4602	-1.2883	-0.0094	-0.3585
0.7165	2.4612	-1.2857	-0.0119	-0.8826
0.7170	2.4593	-1.2904	-0.0129	-1.1368
0.7175	2.4522	-1.3281	-0.0024	-1.0131
0.7180	2.4508	-1.3353	-0.0332	-0.5840
0.7185	2.4505	-1.3367	-0.0485	0.0221
0.7190	2.4513	-1.3270	-0.0132	0.6097
0.7195	2.4566	-1.3122	-0.0167	0.9973
0.7200	2.4660	-1.2582	-0.0112	1.0746
0.7205	2.4669	-1.2631	-0.0168	0.7843
0.7210	2.4614	-1.2829	-0.0115	0.2490
0.7215	2.4586	-1.3003	-0.0101	-0.3487
0.7220	2.4578	-1.2973	-0.0090	-0.8203
0.7225	2.4594	-1.2994	-0.0133	-1.0504
0.7230	2.4480	-1.3360	-0.0097	-0.9704
0.7235	2.4463	-1.3623	-0.0069	-0.5938
0.7240	2.4390	-1.3729	-0.0064	-0.0612
0.7245	2.4430	-1.3773	-0.0114	0.4641
0.7250	2.4411	-1.3647	-0.0095	0.8303
0.7255	2.4580	-1.3159	-0.0087	0.9020
0.7260	2.4569	-1.2872	-0.0098	0.6499
0.7265	2.4637	-1.2934	-0.0096	0.1655
0.7270	2.4501	-1.3151	-0.0089	-0.3673
0.7275	2.4644	-1.2983	-0.0079	-0.7909
0.7280	2.4465	-1.3133	-0.0075	-0.9941
0.7285	2.4577	-1.3509	-0.0055	-0.9026
0.7290	2.4282	-1.3740	-0.0058	-0.5377
0.7295	2.4587	-1.3856	-0.0064	-0.0303
0.7300	2.4061	-1.3915	-0.0050	0.4669
0.7305	2.5044	-1.3734	-0.0062	0.8068
0.7310	2.1830	-1.3381	-0.0073	0.8739
0.7315	-0.1025	-1.0901	-0.0041	0.5806
0.7320	-0.1367	-0.8268	-0.0086	-0.0847
0.7325	-0.1033	-0.6735	-0.0069	-0.8530
0.7330	-0.0678	-0.5475	-0.0043	-1.4709
0.7335	-0.0632	-0.4804	-0.0064	-1.7254
0.7340	-0.0374	-0.3982	-0.0031	-1.5431
0.7345	-0.0320	-0.3367	-0.0150	-0.9702
0.7350	-0.0123	-0.2785	-0.0427	-0.1908
0.7355	-0.0066	-0.2276	-0.0174	0.5628
0.7360	0.0089	-0.1742	-0.0102	1.0787
0.7365	0.0140	-0.1300	-0.0082	1.2204
0.7370	0.0246	-0.0922	-0.0083	0.9340
0.7375	0.0258	-0.0807	-0.0058	0.3121
0.7380	0.0294	-0.0728	-0.0062	-0.4357
0.7385	0.0271	-0.0731	-0.0073	-1.0780
0.7390	0.0283	-0.0763	-0.0071	-1.4304
0.7395	0.0257	-0.0822	-0.0043	-1.3905
0.7400	0.0267	-0.0805	-0.0032	-0.9869
0.7405	0.0277	-0.0702	-0.0044	-0.3329
0.7410	0.0307	-0.0618	-0.0005	0.3566
0.7415	0.0332	-0.0444	-0.0032	0.8848
0.7420	0.0374	-0.0294	-0.0087	1.1140
0.7425	0.0394	-0.0198	-0.0089	0.9633
0.7430	0.0407	-0.0156	-0.0062	0.4954
0.7435	0.0394	-0.0163	-0.0082	-0.1478
0.7440	0.0381	-0.0296	-0.0082	-0.7550
0.7445	0.0348	-0.0397	-0.0069	-1.1501
0.7450	0.0338	-0.0426	-0.0026	-1.2055
0.7455	0.0318	-0.0499	-0.0034	-0.9227
0.7460	0.0332	-0.0513	-0.0058	-0.3838
0.7465	0.0335	-0.0384	-0.0033	0.2486
0.7470	0.0376	-0.0284	-0.0008	0.7613
0.7475	0.0383	-0.0196	-0.0068	1.0482
0.7480	0.0427	-0.0089	-0.0067	0.9994
0.7485	0.0402	-0.0135	-0.0017	0.6474
0.7490	0.0428	-0.0145	-0.0014	0.0903
0.7495	0.0372	-0.0223	-0.0096	-0.4702
0.7500	0.0407	-0.0292	-0.0018	-0.8888
0.7505	0.0323	-0.0356	-0.0065	-1.0223
0.7510	0.0392	-0.0388	-0.0036	-0.8610
0.7515	0.0290	-0.0450	-0.0378	-0.4259
0.7520	0.0419	-0.0350	-0.0289	0.1098
0.7525	0.0299	-0.0295	-0.0071	0.6080
0.7530	0.0486	-0.0186	-0.0108	0.9082
0.7535	0.0288	-0.0124	-0.0091	0.9331
0.7540	0.0578	-0.0127	-0.0074	0.6685
0.7545	0.0199	-0.0134	-0.0074	0.1934
0.7550	0.0758	-0.0130	-0.0101	-0.3368
0.7555	-0.0310	-0.0305	-0.0058	-0.7483
0.7560	0.3226	-0.0282	-0.0047	-0.9400
0.7565	2.6111	-0.2416	-0.0030	-0.8081
0.7570	2.6260	-0.5003	-0.0035	-0.2738
0.7575	2.6030	-0.6539	-0.0046	0.4491
0.7580	2.5638	-0.7667	-0.0056	1.1189
0.7585	2.5641	-0.8354	-0.0077	1.4996
0.7590	2.5383	-0.9002	-0.0097	1.4596
0.7595	2.5336	-0.9692	-0.0061	1.0339
0.7600	2.5102	-1.0366	-0.0060	0.3299
0.7605	2.5039	-1.0981	-0.0055	-0.4099
0.7610	2.4919	-1.1295	-0.0024	-0.9650
0.7615	2.4903	-1.1588	-0.0047	-1.2100
0.7620	2.4727	-1.2196	-0.0025	-1.0628
0.7625	2.4666	-1.2608	-0.0059	-0.5456
0.7630	2.4581	-1.2925	-0.0032	0.1461
0.7635	2.4568	-1.3080	-0.0018	0.8029
0.7640	2.4601	-1.2821	-0.0048	1.2406
0.7645	2.4720	-1.2425	-0.0067	1.2848
0.7650	2.4671	-1.2550	-0.0067	0.9395
0.7655	2.4651	-1.2641	-0.0039	0.3179
0.7660	2.4591	-1.2892	-0.0060	-0.3620
0.7665	2.4606	-1.2868	-0.0011	-0.8778
0.7670	2.4586	-1.2936	-0.0062	-1.1270
0.7675	2.4501	-1.3389	0.0002	-1.0084
0.7680	2.4446	-1.3639	-0.0259	-0.5683
0.7685	2.4424	-1.3737	-0.0396	0.0615
0.7690	2.4418	-1.3739	-0.0091	0.6483
0.7695	2.4472	-1.3530	-0.0125	1.0426
0.7700	2.4588	-1.2911	-0.0056	1.0960
0.7705	2.4604	-1.2909	-0.0044	0.7738
0.7710	2.4574	-1.3051	-0.0045	0.2013
0.7715	2.4558	-1.3128	-0.0052	-0.4291
0.7720	2.4571	-1.2982	-0.0024	-0.9005
0.7725	2.4629	-1.2817	-0.0014	-1.1242
0.7730	2.4549	-1.3084	-0.0003	-1.0261
0.7735	2.4526	-1.3280	-0.0037	-0.6272
0.7740	2.4464	-1.3482	-0.0004	-0.0501
0.7745	2.4505	-1.3488	0.0017	0.5037
0.7750	2.4481	-1.3328	-0.0029	0.8838
0.7755	2.4674	-1.2709	-0.0021	0.9526
0.7760	2.4680	-1.2371	-0.0020	0.6729
0.7765	2.4726	-1.2512	0.0001	0.1493
0.7770	2.4565	-1.2758	0.0007	-0.4012
0.7775	2.4720	-1.2644	-0.0007	-0.8502
0.7780	2.4562	-1.2653	0.0015	-1.0615
0.7785	2.4672	-1.3028	0.0016	-0.9627
0.7790	2.4360	-1.3371	0.0046	-0.5848
0.7795	2.4666	-1.3474	0.0027	-0.0409
0.7800	2.4124	-1.3649	0.0036	0.4939
0.7805	2.5114	-1.3397	0.0012	0.8565
0.7810	2.1901	-1.2987	0.0001	0.9311
0.7815	-0.1007	-1.0761	0.0001	0.6352
0.7820	-0.1327	-0.8137	0.0001	-0.0512
0.7825	-0.1015	-0.6652	0.0017	-0.8502
0.7830	-0.0643	-0.5340	0.0029	-1.5019
0.7835	-0.0609	-0.4619	0.0012	-1.7740
0.7840	-0.0355	-0.3901	0.0069	-1.5937
0.7845	-0.0307	-0.3262	-0.0026	-1.0146
0.7850	-0.0111	-0.2684	-0.0389	-0.2097
0.7855	-0.0063	-0.2184	-0.0147	0.5711
0.7860	0.0105	-0.1662	-0.0023	1.1225
0.7865	0.0150	-0.1275	-0.0009	1.2742
0.7870	0.0258	-0.0904	-0.0006	1.0028
0.7875	0.0271	-0.0772	0.0026	0.3623
0.7880	0.0304	-0.0637	0.0025	-0.4094
0.7885	0.0281	-0.0686	0.0015	-1.0822
0.7890	0.0290	-0.0716	0.0034	-1.4624
0.7895	0.0263	-0.0758	0.0042	-1.4390
0.7900	0.0277	-0.0779	0.0043	-1.0327
0.7905	0.0275	-0.0752	0.0024	-0.3612
0.7910	0.0316	-0.0599	0.0039	0.3574
0.7915	0.0339	-0.0455	0.0008	0.9123
0.7920	0.0379	-0.0288	0.0001	1.1589
0.7925	0.0400	-0.0172	-0.0049	1.0139
0.7930	0.0413	-0.0106	0.0001	0.5334
0.7935	0.0395	-0.0180	0.0010	-0.1360
0.7940	0.0384	-0.0252	0.0017	-0.7625
0.7945	0.0353	-0.0394	0.0004	-1.1743
0.7950	0.0343	-0.0477	0.0033	-1.2494
0.7955	0.0316	-0.0517	0.0023	-0.9762
0.7960	0.0332	-0.0505	0.0020	-0.4205
0.7965	0.0343	-0.0415	0.0024	0.2290
0.7970	0.0383	-0.0316	0.0035	0.7783
0.7975	0.0385	-0.0141	0.0014	1.0771
0.7980	0.0430	-0.0104	-0.0012	1.0385
0.7985	0.0406	-0.0077	0.0003	0.6830
0.7990	0.0437	-0.0103	0.0036	0.1153
0.7995	0.0374	-0.0165	0.0024	-0.4726
0.8000	0.0406	-0.0290	0.0007	-0.9062
0.8005	0.0317	-0.0411	-0.0031	-1.0617
0.8010	0.0387	-0.0435	0.0051	-0.8945
0.8015	0.0286	-0.0505	-0.0276	-0.4658
0.8020	0.0411	-0.0380	-0.0275	0.0881
0.8025	0.0291	-0.0335	-0.0024	0.5996
0.8030	0.0486	-0.0172	-0.0052	0.9206
0.8035	0.0289	-0.0135	-0.0017	0.9594
0.8040	0.0579	-0.0081	-0.0056	0.6990
0.8045	0.0198	-0.0103	-0.0035	0.2214
0.8050	0.0759	-0.0126	-0.0016	-0.3192
0.8055	-0.0308	-0.0291	0.0011	-0.7562
0.8060	0.3234	-0.0280	-0.0017	-0.9724
0.8065	2.6125	-0.2383	-0.0010	-0.8502
0.8070	2.6271	-0.4961	0.0021	-0.3178
0.8075	2.6043	-0.6425	0.0004	0.4221
0.8080	2.5649	-0.7607	-0.0008	1.1043
0.8085	2.5657	-0.8269	-0.0033	1.5050
0.8090	2.5397	-0.8918	-0.0036	1.4866
0.8095	2.5359	-0.9584	-0.0047	1.0741
0.8100	2.5117	-1.0236	-0.0023	0.3658
0.8105	2.5050	-1.0920	-0.0006	-0.3839
0.8110	2.4929	-1.1220	-0.0011	-0.9524
0.8115	2.4932	-1.1492	0.0002	-1.2177
0.8120	2.4762	-1.2038	-0.0037	-1.0944
0.8125	2.4693	-1.2522	-0.0009	-0.5906
0.8130	2.4603	-1.2808	-0.0015	0.1022
0.8135	2.4591	-1.2955	0.0033	0.7853
0.8140	2.4627	-1.2726	-0.0029	1.2465
0.8145	2.4743	-1.2265	-0.0061	1.3084
0.8150	2.4696	-1.2421	-0.0037	0.9684
0.8155	2.4672	-1.2576	0.0010	0.3611
0.8160	2.4606	-1.2851	-0.0050	-0.3185
0.8165	2.4613	-1.2820	-0.0019	-0.8540
0.8170	2.4603	-1.2834	0.0005	-1.1218
0.8175	2.4523	-1.3262	0.0037	-1.0380
0.8180	2.4492	-1.3414	-0.0170	-0.6160
0.8185	2.4479	-1.3459	-0.0383	-0.0032
0.8190	2.4477	-1.3507	-0.0070	0.5935
0.8195	2.4537	-1.3253	-0.0046	1.0015
0.8200	2.4642	-1.2649	-0.0038	1.0923
0.8205	2.4654	-1.2670	-0.0065	0.8117
0.8210	2.4607	-1.2876	-0.0040	0.2690
0.8215	2.4586	-1.2990	-0.0004	-0.3377
0.8220	2.4572	-1.2972	-0.0032	-0.8216
0.8225	2.4612	-1.2882	-0.0027	-1.0782
0.8230	2.4506	-1.3300	0.0008	-0.9992
0.8235	2.4476	-1.3539	0.0013	-0.6308
0.8240	2.4400	-1.3770	0.0003	-0.0776
0.8245	2.4433	-1.3809	0.0008	0.4645
0.8250	2.4407	-1.3683	0.0020	0.8489
0.8255	2.4594	-1.3100	-0.0006	0.9326
0.8260	2.4581	-1.2840	-0.0021	0.6818
0.8265	2.4648	-1.2916	-0.0022	0.1906
0.8270	2.4510	-1.3063	0.0013	-0.3631
0.8275	2.4654	-1.3009	0.0034	-0.8108
0.8280	2.4475	-1.3109	0.0001	-1.0306
0.8285	2.4595	-1.3440	-0.0005	-0.9383
0.8290	2.4293	-1.3682	0.0028	-0.5839
0.8295	2.4607	-1.3751	0.0040	-0.0523
0.8300	2.4083	-1.3773	0.0035	0.4576
0.8305	2.5091	-1.3579	0.0018	0.8046
0.8310	2.1854	-1.3098	-0.0002	0.8841
0.8315	-0.0991	-1.0643	0.0028	0.5982
0.8320	-0.1307	-0.8004	0.0006	-0.0714
0.8325	-0.0994	-0.6500	0.0018	-0.8433
0.8330	-0.0619	-0.5252	0.0030	-1.4699
0.8335	-0.0574	-0.4460	0.0039	-1.7300
0.8340	-0.0328	-0.3820	0.0022	-1.5556
0.8345	-0.0288	-0.3223	0.0009	-0.9859
0.8350	-0.0093	-0.2611	-0.0348	-0.1911
0.8355	-0.0050	-0.2173	-0.0150	0.5777
0.8360	0.0108	-0.1630	-0.0043	1.1012
0.8365	0.0153	-0.1236	-0.0040	1.2449
0.8370	0.0259	-0.0914	-0.0016	0.9640
0.8375	0.0263	-0.0758	0.0022	0.3331
0.8380	0.0301	-0.0669	0.0038	-0.4173
0.8385	0.0277	-0.0711	-0.0003	-1.0682
0.8390	0.0284	-0.0781	-0.0014	-1.4409
0.8395	0.0264	-0.0793	0.0053	-1.4051
0.8400	0.0267	-0.0804	0.0066	-1.0050
0.8405	0.0277	-0.0737	0.0016	-0.3428
0.8410	0.0310	-0.0595	0.0042	0.3582
0.8415	0.0338	-0.0442	0.0036	0.9050
0.8420	0.0378	-0.0277	-0.0018	1.1281
0.8425	0.0390	-0.0192	-0.0055	0.9894
0.8430	0.0409	-0.0154	-0.0018	0.5160
0.8435	0.0394	-0.0185	0.0016	-0.1343
0.8440	0.0378	-0.0294	0.0016	-0.7524
0.8445	0.0356	-0.0402	-0.0018	-1.1511
0.8450	0.0347	-0.0456	0.0019	-1.2124
0.8455	0.0319	-0.0576	0.0049	-0.9365
0.8460	0.0331	-0.0517	0.0030	-0.3964
0.8465	0.0337	-0.0445	-0.0041	0.2394
0.8470	0.0375	-0.0309	0.0022	0.7760
0.8475	0.0382	-0.0207	-0.0005	1.0656
0.8480	0.0423	-0.0075	-0.0033	1.0219
0.8485	0.0408	-0.0092	-0.0041	0.6647
0.8490	0.0436	-0.0087	0.0003	0.1001
0.8495	0.0373	-0.0162	-0.0008	-0.4772
0.8500	0.0406	-0.0291	0.0002	-0.9007
0.8505	0.0321	-0.0385	-0.0063	-1.0465
0.8510	0.0389	-0.0414	0.0031	-0.8764
0.8515	0.0293	-0.0429	-0.0260	-0.4470
0.8520	0.0416	-0.0397	-0.0338	0.0961
0.8525	0.0291	-0.0350	-0.0073	0.5936
0.8530	0.0485	-0.0203	-0.0037	0.9086
0.8535	0.0288	-0.0140	-0.0039	0.9410
0.8540	0.0582	-0.0111	-0.0070	0.6768
0.8545	0.0197	-0.0142	-0.0043	0.2028
0.8550	0.0762	-0.0124	-0.0031	-0.3339
0.8555	-0.0309	-0.0360	-0.0014	-0.7553
0.8560	0.3243	-0.0290	-0.0038	-0.9646
0.8565	2.6130	-0.2387	-0.0043	-0.8346
0.8570	2.6255	-0.4984	-0.0001	-0.2960
0.8575	2.6032	-0.6521	-0.0011	0.4406
0.8580	2.5637	-0.7689	-0.0040	1.1093
0.8585	2.5643	-0.8348	-0.0060	1.5036
0.8590	2.5389	-0.8973	-0.0070	1.4772
0.8595	2.5348	-0.9609	-0.0044	1.0453
0.8600	2.5114	-1.0334	-0.0053	0.3358
0.8605	2.5045	-1.0921	-0.0038	-0.4078
0.8610	2.4925	-1.1269	-0.0015	-0.9708
0.8615	2.4921	-1.1495	-0.0031	-1.2245
0.8620	2.4746	-1.2111	-0.0059	-1.0779
0.8625	2.4686	-1.2565	-0.0037	-0.5694
0.8630	2.4587	-1.2862	-0.0017	0.1318
0.8635	2.4574	-1.3044	-0.0017	0.8047
0.8640	2.4611	-1.2840	-0.0067	1.2519
0.8645	2.4733	-1.2311	-0.0083	1.3049
0.8650	2.4686	-1.2462	-0.0052	0.9622
0.8655	2.4660	-1.2650	-0.0061	0.3341
0.8660	2.4594	-1.2926	-0.0090	-0.3552
0.8665	2.4611	-1.2897	-0.0020	-0.8797
0.8670	2.4604	-1.2911	-0.0028	-1.1328
0.8675	2.4529	-1.3197	-0.0005	-1.0253
0.8680	2.4468	-1.3543	-0.0182	-0.5877
0.8685	2.4440	-1.3629	-0.0436	0.0339
0.8690	2.4431	-1.3647	-0.0111	0.6439
0.8695	2.4495	-1.3435	-0.0111	1.0526
0.8700	2.4610	-1.2814	-0.0079	1.1056
0.8705	2.4627	-1.2773	-0.0062	0.7977
0.8710	2.4593	-1.2928	-0.0029	0.2182
0.8715	2.4572	-1.3082	-0.0041	-0.3999
0.8720	2.4575	-1.3034	-0.0041	-0.8899
0.8725	2.4623	-1.2872	-0.0058	-1.1232
0.8730	2.4509	-1.3232	-0.0027	-1.0191
0.8735	2.4511	-1.3399	-0.0044	-0.6258
0.8740	2.4453	-1.3500	-0.0035	-0.0637
0.8745	2.4476	-1.3566	-0.0018	0.4979
0.8750	2.4459	-1.3464	-0.0030	0.8796
0.8755	2.4642	-1.2860	-0.0084	0.9460
0.8760	2.4616	-1.2691	-0.0064	0.6803
0.8765	2.4686	-1.2731	-0.0031	0.1655
0.8770	2.4535	-1.2925	-0.0018	-0.3941
0.8775	2.4694	-1.2744	-0.0048	-0.8440
0.8780	2.4506	-1.2976	-0.0046	-1.0563
0.8785	2.4623	-1.3303	-0.0011	-0.9650
0.8790	2.4310	-1.3611	-0.0024	-0.5805
0.8795	2.4629	-1.3694	-0.0022	-0.0455
0.8800	2.4081	-1.3816	-0.0004	0.4851
0.8805	2.5095	-1.3563	0.0003	0.8493
0.8810	2.1848	-1.3054	-0.0044	0.9122
0.8815	-0.1037	-1.0799	-0.0049	0.6162
0.8820	-0.1319	-0.8182	-0.0047	-0.0734
0.8825	-0.1021	-0.6621	-0.0026	-0.8605
0.8830	-0.0650	-0.5400	-0.0015	-1.4982
0.8835	-0.0615	-0.4658	-0.0020	-1.7692
0.8840	-0.0359	-0.3906	-0.0027	-1.5772
0.8845	-0.0310	-0.3286	-0.0037	-0.9997
0.8850	-0.0112	-0.2714	-0.0413	-0.1962
0.8855	-0.0063	-0.2256	-0.0224	0.5826
0.8860	0.0099	-0.1693	-0.0073	1.1244
0.8865	0.0147	-0.1302	-0.0064	1.2678
0.8870	0.0259	-0.0927	-0.0052	0.9735
0.8875	0.0264	-0.0746	-0.0049	0.3446
0.8880	0.0303	-0.0646	-0.0024	-0.4188
0.8885	0.0275	-0.0728	-0.0055	-1.0826
0.8890	0.0286	-0.0749	-0.0038	-1.4549
0.8895	0.0265	-0.0793	-0.0003	-1.4284
0.8900	0.0269	-0.0791	-0.0003	-1.0149
0.8905	0.0279	-0.0716	-0.0018	-0.3435
0.8910	0.0314	-0.0580	-0.0010	0.3710
0.8915	0.0342	-0.0448	-0.0004	0.9207
0.8920	0.0382	-0.0301	-0.0040	1.1489
0.8925	0.0400	-0.0200	-0.0111	1.0018
0.8930	0.0413	-0.0132	-0.0065	0.5214
0.8935	0.0396	-0.0181	-0.0033	-0.1433
0.8940	0.0378	-0.0255	-0.0057	-0.7643
0.8945	0.0352	-0.0383	-0.0074	-1.1764
0.8950	0.0342	-0.0467	-0.0018	-1.2404
0.8955	0.0321	-0.0495	-0.0017	-0.9547
0.8960	0.0333	-0.0534	-0.0051	-0.4026
0.8965	0.0339	-0.0408	-0.0064	0.2368
0.8970	0.0379	-0.0324	-0.0013	0.7834
0.8975	0.0386	-0.0178	-0.0066	1.0725
0.8980	0.0433	-0.0065	-0.0092	1.0284
0.8985	0.0403	-0.0073	-0.0081	0.6733
0.8990	0.0437	-0.0139	-0.0026	0.1033
0.8995	0.0377	-0.0160	-0.0086	-0.4788
0.9000	0.0406	-0.0267	-0.0070	-0.9105
0.9005	0.0320	-0.0381	-0.0091	-1.0517
0.9010	0.0389	-0.0398	-0.0027	-0.8867
0.9015	0.0283	-0.0504	-0.0306	-0.4540
0.9020	0.0417	-0.0397	-0.0422	0.1020
0.9025	0.0293	-0.0322	-0.0128	0.5996
0.9030	0.0491	-0.0213	-0.0103	0.9213
0.9035	0.0290	-0.0101	-0.0117	0.9551
0.9040	0.0581	-0.0087	-0.0151	0.6914
0.9045	0.0195	-0.0153	-0.0094	0.2102
0.9050	0.0761	-0.0104	-0.0074	-0.3243
0.9055	-0.0312	-0.0285	-0.0113	-0.7625
0.9060	0.3251	-0.0306	-0.0094	-0.9667
0.9065	2.6131	-0.2437	-0.0093	-0.8333
0.9070	2.6259	-0.4968	-0.0076	-0.2950
0.9075	2.6039	-0.6495	-0.0073	0.4436
0.9080	2.5642	-0.7673	-0.0121	1.1147
0.9085	2.5658	-0.8301	-0.0124	1.5072
0.9090	2.5395	-0.8889	-0.0133	1.4840
0.9095	2.5356	-0.9560	-0.0126	1.0594
0.9100	2.5117	-1.0266	-0.0122	0.3506
0.9105	2.5047	-1.0945	-0.0093	-0.4007
0.9110	2.4932	-1.1251	-0.0071	-0.9586
0.9115	2.4932	-1.1436	-0.0093	-1.2229
0.9120	2.4753	-1.2080	-0.0125	-1.0811
0.9125	2.4689	-1.2529	-0.0085	-0.5736
0.9130	2.4603	-1.2843	-0.0067	0.1336
0.9135	2.4584	-1.2996	-0.0056	0.7987
0.9140	2.4630	-1.2721	-0.0110	1.2512
0.9145	2.4743	-1.2253	-0.0143	1.3050
0.9150	2.4696	-1.2424	-0.0138	0.9603
0.9155	2.4674	-1.2598	-0.0091	0.3460
0.9160	2.4603	-1.2896	-0.0107	-0.3429
0.9165	2.4615	-1.2836	-0.0100	-0.8748
0.9170	2.4599	-1.2897	-0.0120	-1.1300
0.9175	2.4526	-1.3279	-0.0034	-1.0200
0.9180	2.4474	-1.3468	-0.0201	-0.5890
0.9185	2.4450	-1.3604	-0.0515	0.0270
0.9190	2.4436	-1.3682	-0.0205	0.6297
0.9195	2.4497	-1.3438	-0.0111	1.0316
0.9200	2.4613	-1.2846	-0.0125	1.0984
0.9205	2.4627	-1.2849	-0.0170	0.7928
0.9210	2.4592	-1.2902	-0.0105	0.2249
0.9215	2.4568	-1.3094	-0.0091	-0.3954
0.9220	2.4578	-1.2961	-0.0083	-0.8774
0.9225	2.4605	-1.2889	-0.0117	-1.1042
0.9230	2.4500	-1.3333	-0.0078	-1.0127
0.9235	2.4498	-1.3468	-0.0068	-0.6086
0.9240	2.4455	-1.3485	-0.0084	-0.0604
0.9245	2.4495	-1.3539	-0.0091	0.4813
0.9250	2.4467	-1.3358	-0.0081	0.8528
0.9255	2.4644	-1.2867	-0.0084	0.9337
0.9260	2.4621	-1.2617	-0.0112	0.6684
0.9265	2.4695	-1.2708	-0.0112	0.1766
0.9270	2.4546	-1.2908	-0.0078	-0.3796
0.9275	2.4699	-1.2715	-0.0058	-0.8159
0.9280	2.4505	-1.2936	-0.0097	-1.0272
0.9285	2.4633	-1.3273	-0.0077	-0.9394
0.9290	2.4320	-1.3506	-0.0062	-0.5728
0.9295	2.4647	-1.3580	-0.0060	-0.0508
0.9300	2.4093	-1.3723	-0.0057	0.4714
0.9305	2.5120	-1.3515	-0.0068	0.8195
0.9310	2.1835	-1.2980	-0.0094	0.9002
0.9315	-0.1024	-1.0668	-0.0057	0.6067
0.9320	-0.1280	-0.8002	-0.0089	-0.0691
0.9325	-0.0981	-0.6403	-0.0073	-0.8558
0.9330	-0.0597	-0.5160	-0.0076	-1.4949
0.9335	-0.0577	-0.4490	-0.0055	-1.7472
0.9340	-0.0318	-0.3755	-0.0057	-1.5676
0.9345	-0.0280	-0.3199	-0.0069	-0.9845
0.9350	-0.0082	-0.2581	-0.0400	-0.1895
0.9355	-0.0038	-0.2097	-0.0306	0.5868
0.9360	0.0121	-0.1608	-0.0109	1.1247
0.9365	0.0161	-0.1270	-0.0113	1.2652
0.9370	0.0269	-0.0885	-0.0084	0.9763
0.9375	0.0275	-0.0711	-0.0071	0.3377
0.9380	0.0314	-0.0634	-0.0041	-0.4292
0.9385	0.0281	-0.0699	-0.0077	-1.0796
0.9390	0.0292	-0.0734	-0.0078	-1.4502
0.9395	0.0263	-0.0787	-0.0050	-1.4213
0.9400	0.0271	-0.0801	-0.0018	-1.0097
0.9405	0.0276	-0.0760	-0.0046	-0.3438
0.9410	0.0317	-0.0563	-0.0049	0.3698
0.9415	0.0341	-0.0470	-0.0069	0.9170
0.9420	0.0376	-0.0305	-0.0089	1.1475
0.9425	0.0397	-0.0195	-0.0111	1.0001
0.9430	0.0411	-0.0178	-0.0082	0.5176
0.9435	0.0397	-0.0162	-0.0088	-0.1433
0.9440	0.0379	-0.0264	-0.0077	-0.7665
0.9445	0.0352	-0.0388	-0.0068	-1.1636
0.9450	0.0344	-0.0473	-0.0042	-1.2268
0.9455	0.0318	-0.0513	-0.0038	-0.9526
0.9460	0.0331	-0.0506	-0.0046	-0.3940
0.9465	0.0338	-0.0397	-0.0083	0.2383
0.9470	0.0379	-0.0305	-0.0053	0.7791
0.9475	0.0388	-0.0167	-0.0064	1.0692
0.9480	0.0430	-0.0057	-0.0112	1.0243
0.9485	0.0405	-0.0080	-0.0111	0.6674
0.9490	0.0439	-0.0097	-0.0037	0.1000
0.9495	0.0375	-0.0174	-0.0091	-0.4789
0.9500	0.0407	-0.0279	-0.0081	-0.9068
0.9505	0.0324	-0.0326	-0.0152	-1.0465
0.9510	0.0394	-0.0421	-0.0035	-0.8782
0.9515	0.0288	-0.0476	-0.0283	-0.4550
0.9520	0.0418	-0.0425	-0.0445	0.0992
0.9525	0.0293	-0.0292	-0.0133	0.6030
0.9530	0.0488	-0.0193	-0.0137	0.9176
0.9535	0.0287	-0.0171	-0.0117	0.9511
0.9540	0.0584	-0.0079	-0.0162	0.6857
0.9545	0.0193	-0.0128	-0.0122	0.2061
0.9550	0.0765	-0.0114	-0.0106	-0.3324
0.9555	-0.0316	-0.0285	-0.0106	-0.7552
0.9560	0.3265	-0.0296	-0.0107	-0.9673
0.9565	2.6151	-0.2363	-0.0113	-0.8347
0.9570	2.6259	-0.4939	-0.0058	-0.2991
0.9575	2.6049	-0.6437	-0.0088	0.4342
0.9580	2.5646	-0.7595	-0.0086	1.1052
0.9585	2.5656	-0.8316	-0.0120	1.5026
0.9590	2.5395	-0.8916	-0.0090	1.4864
0.9595	2.5360	-0.9612	-0.0092	1.0600
0.9600	2.5120	-1.0284	-0.0108	0.3452
0.9605	2.5051	-1.0941	-0.0079	-0.3941
0.9610	2.4927	-1.1245	-0.0071	-0.9644
0.9615	2.4950	-1.1390	-0.0076	-1.2168
0.9620	2.4776	-1.1989	-0.0067	-1.0850
0.9625	2.4710	-1.2448	-0.0101	-0.5863
0.9630	2.4609	-1.2778	-0.0068	0.1182
0.9635	2.4592	-1.2943	-0.0058	0.7876
0.9640	2.4618	-1.2756	-0.0100	1.2560
0.9645	2.4746	-1.2268	-0.0133	1.3114
0.9650	2.4701	-1.2397	-0.0145	0.9747
0.9655	2.4669	-1.2608	-0.0107	0.3541
0.9660	2.4609	-1.2875	-0.0082	-0.3290
0.9665	2.4608	-1.2869	-0.0073	-0.8684
0.9670	2.4604	-1.2881	-0.0086	-1.1308
0.9675	2.4522	-1.3295	-0.0027	-1.0399
0.9680	2.4490	-1.3391	-0.0139	-0.6081
0.9685	2.4462	-1.3556	-0.0494	0.0010
0.9690	2.4453	-1.3573	-0.0197	0.6015
0.9695	2.4494	-1.3414	-0.0090	1.0176
0.9700	2.4608	-1.2860	-0.0110	1.1074
0.9705	2.4635	-1.2755	-0.0138	0.8142
0.9710	2.4592	-1.2930	-0.0086	0.2546
0.9715	2.4581	-1.3053	-0.0056	-0.3681
0.9720	2.4578	-1.2954	-0.0073	-0.8684
0.9725	2.4608	-1.2874	-0.0086	-1.1156
0.9730	2.4502	-1.3273	-0.0055	-1.0330
0.9735	2.4490	-1.3491	-0.0056	-0.6465
0.9740	2.4425	-1.3653	-0.0066	-0.0888
0.9745	2.4462	-1.3648	-0.0065	0.4649
0.9750	2.4435	-1.3556	-0.0076	0.8657
0.9755	2.4614	-1.3004	-0.0082	0.9504
0.9760	2.4594	-1.2763	-0.0087	0.6940
0.9765	2.4675	-1.2761	-0.0048	0.1937
0.9770	2.4527	-1.2978	-0.0044	-0.3714
0.9775	2.4692	-1.2796	-0.0046	-0.8260
0.9780	2.4505	-1.2931	-0.0062	-1.0614
0.9785	2.4632	-1.3299	-0.0038	-0.9765
0.9790	2.4319	-1.3551	-0.0037	-0.6146
0.9795	2.4641	-1.3616	-0.0049	-0.0750
0.9800	2.4073	-1.3753	-0.0015	0.4579
0.9805	2.5099	-1.3621	-0.0027	0.8353
0.9810	2.1801	-1.3133	-0.0083	0.9336
0.9815	-0.1057	-1.0756	-0.0047	0.6463
0.9820	-0.1303	-0.8122	-0.0041	-0.0357
0.9825	-0.1017	-0.6583	-0.0029	-0.8399
0.9830	-0.0625	-0.5302	0.0002	-1.4892
0.9835	-0.0605	-0.4648	-0.0016	-1.7707
0.9840	-0.0346	-0.3877	-0.0046	-1.5973
0.9845	-0.0305	-0.3273	-0.0010	-1.0274
0.9850	-0.0094	-0.2684	-0.0353	-0.2273
0.9855	-0.0051	-0.2184	-0.0280	0.5600
0.9860	0.0105	-0.1663	-0.0067	1.1150
0.9865	0.0150	-0.1247	-0.0084	1.2766
0.9870	0.0259	-0.0901	-0.0059	1.0100
0.9875	0.0268	-0.0722	-0.0029	0.3723
0.9880	0.0304	-0.0687	-0.0012	-0.3952
0.9885	0.0275	-0.0746	-0.0068	-1.0683
0.9890	0.0290	-0.0722	-0.0013	-1.4512
0.9895	0.0260	-0.0819	-0.0007	-1.4374
0.9900	0.0270	-0.0820	-0.0032	-1.0365
0.9905	0.0271	-0.0698	-0.0028	-0.3723
0.9910	0.0312	-0.0569	0.0017	0.3420
0.9915	0.0340	-0.0473	-0.0010	0.9030
0.9920	0.0382	-0.0259	-0.0056	1.1477
0.9925	0.0398	-0.0172	-0.0074	1.0181
0.9930	0.0412	-0.0192	-0.0038	0.5440
0.9935	0.0398	-0.0170	-0.0033	-0.1121
0.9940	0.0383	-0.0277	-0.0050	-0.7411
0.9945	0.0349	-0.0416	-0.0031	-1.1625
0.9950	0.0343	-0.0464	-0.0008	-1.2473
0.9955	0.0313	-0.0497	-0.0028	-0.9775
0.9960	0.0333	-0.0518	-0.0040	-0.4313
0.9965	0.0342	-0.0432	-0.0025	0.2092
0.9970	0.0384	-0.0332	-0.0010	0.7679
0.9975	0.0384	-0.0218	-0.0046	1.0688
0.9980	0.0429	-0.0106	-0.0061	1.0355
0.9985	0.0402	-0.0100	-0.0043	0.6915
0.9990	0.0439	-0.0083	-0.0011	0.1336
0.9995	0.0372	-0.0178	-0.0064	-0.4635
