Flexible Shaft
10/14/2015 2:32:41 PM
Sample Rate (Hz) = 2000.00
Effective Sample Rate (Hz) = 2000.00
time (s)	Voltage (V)	Current (A)	Distal Tach (rad/s)	Motor Tach (rad/s)

0.0000	-0.3901	-0.9438	0.0009	0.1296
0.0005	0.0077	-0.7557	-0.0050	-0.4320
0.0010	-0.1707	-0.6141	-0.0009	-0.9643
0.0015	-0.0040	-0.5129	0.0010	-1.2868
0.0020	-0.0941	-0.4226	0.0031	-1.3076
0.0025	0.0070	-0.3461	-0.0043	-1.0162
0.0030	-0.0482	-0.2824	-0.0023	-0.5002
0.0035	0.0211	-0.2300	-0.0016	0.0888
0.0040	-0.0154	-0.1760	0.0026	0.5717
0.0045	0.0325	-0.1399	-0.0037	0.8136
0.0050	0.0082	-0.0986	-0.0059	0.7559
0.0055	0.0397	-0.0766	-0.0006	0.4060
0.0060	0.0190	-0.0651	0.0070	-0.1089
0.0065	0.0384	-0.0702	-0.0204	-0.6242
0.0070	0.0227	-0.0681	-0.0395	-0.9841
0.0075	0.0353	-0.0662	-0.0060	-1.0923
0.0080	0.0250	-0.0681	0.0024	-0.9058
0.0085	0.0344	-0.0625	0.0009	-0.4819
0.0090	0.0294	-0.0532	-0.0051	0.0300
0.0095	0.0373	-0.0382	0.0021	0.4946
0.0100	0.0351	-0.0326	0.0032	0.7654
0.0105	0.0408	-0.0169	-0.0005	0.7842
0.0110	0.0384	-0.0142	-0.0069	0.5496
0.0115	0.0418	-0.0148	0.0002	0.1209
0.0120	0.0377	-0.0183	0.0028	-0.3296
0.0125	0.0390	-0.0278	0.0028	-0.7010
0.0130	0.0347	-0.0351	-0.0015	-0.8392
0.0135	0.0368	-0.0400	0.0033	-0.7362
0.0140	0.0334	-0.0381	0.0086	-0.4093
0.0145	0.0385	-0.0339	0.0010	0.0321
0.0150	0.0347	-0.0296	-0.0038	0.4502
0.0155	0.0436	-0.0191	-0.0018	0.7315
0.0160	0.0366	-0.0165	0.0041	0.7866
0.0165	0.0466	-0.0120	-0.0004	0.5994
0.0170	0.0346	-0.0120	-0.0023	0.2427
0.0175	0.0489	-0.0172	0.0009	-0.1914
0.0180	0.0288	-0.0243	0.0057	-0.5486
0.0185	0.0497	-0.0281	0.0006	-0.7401
0.0190	0.0219	-0.0377	-0.0029	-0.7141
0.0195	0.0538	-0.0336	0.0011	-0.4748
0.0200	0.0153	-0.0340	0.0052	-0.1055
0.0205	0.0624	-0.0313	-0.0008	0.2628
0.0210	0.0086	-0.0221	-0.0018	0.5372
0.0215	0.0775	-0.0148	-0.0019	0.6196
0.0220	-0.0062	-0.0108	0.0025	0.5001
0.0225	0.1016	-0.0175	0.0013	0.2065
0.0230	-0.0415	-0.0127	-0.0107	-0.1658
0.0235	0.1621	-0.0310	-0.0412	-0.4980
0.0240	-0.1891	-0.0212	-0.0111	-0.6978
0.0245	1.5994	-0.1012	-0.0008	-0.6960
0.0250	2.8862	-0.3736	-0.0026	-0.3764
0.0255	2.4968	-0.5367	0.0027	0.1705
0.0260	2.6797	-0.6500	0.0034	0.7331
0.0265	2.5204	-0.7261	0.0029	1.1176
0.0270	2.6094	-0.8111	-0.0032	1.2171
0.0275	2.5047	-0.9070	-0.0007	0.9981
0.0280	2.5566	-0.9833	0.0036	0.5342
0.0285	2.4873	-1.0445	0.0040	-0.0441
0.0290	2.5221	-1.1035	0.0002	-0.5298
0.0295	2.4751	-1.1343	0.0011	-0.8182
0.0300	2.4993	-1.1768	0.0065	-0.8149
0.0305	2.4658	-1.2010	0.0049	-0.5242
0.0310	2.4843	-1.2205	0.0019	-0.0617
0.0315	2.4636	-1.2327	0.0009	0.4426
0.0320	2.4789	-1.2310	0.0033	0.8252
0.0325	2.4658	-1.2375	0.0025	0.9758
0.0330	2.4730	-1.2498	-0.0008	0.8239
0.0335	2.4616	-1.2649	-0.0011	0.4328
0.0340	2.4657	-1.2798	0.0010	-0.0728
0.0345	2.4585	-1.2848	0.0057	-0.5171
0.0350	2.4633	-1.2867	0.0014	-0.7761
0.0355	2.4564	-1.3002	0.0045	-0.8014
0.0360	2.4585	-1.3075	0.0063	-0.5741
0.0365	2.4554	-1.3081	0.0046	-0.1861
0.0370	2.4588	-1.3002	0.0024	0.2431
0.0375	2.4583	-1.2914	0.0028	0.5638
0.0380	2.4620	-1.2887	-0.0020	0.7023
0.0385	2.4597	-1.2861	0.0045	0.5823
0.0390	2.4632	-1.2858	-0.0036	0.2610
0.0395	2.4568	-1.2905	0.0060	-0.1669
0.0400	2.4613	-1.3025	-0.0277	-0.5449
0.0405	2.4532	-1.3049	-0.0230	-0.7643
0.0410	2.4587	-1.3133	-0.0011	-0.7780
0.0415	2.4485	-1.3222	0.0027	-0.5737
0.0420	2.4607	-1.3173	0.0068	-0.2169
0.0425	2.4464	-1.3133	0.0023	0.1741
0.0430	2.4674	-1.3078	0.0041	0.4714
0.0435	2.4467	-1.2925	0.0058	0.6046
0.0440	2.4743	-1.2927	0.0055	0.5168
0.0445	2.4416	-1.2919	0.0027	0.2689
0.0450	2.4793	-1.2976	0.0077	-0.0833
0.0455	2.4300	-1.3145	0.0080	-0.4068
0.0460	2.4842	-1.3224	0.0077	-0.6031
0.0465	2.4132	-1.3326	0.0066	-0.6143
0.0470	2.4978	-1.3398	0.0071	-0.4383
0.0475	2.3901	-1.3304	0.0111	-0.1436
0.0480	2.5346	-1.3271	0.0070	0.1858
0.0485	2.3308	-1.3086	0.0068	0.4421
0.0490	2.6850	-1.3221	0.0046	0.5497
0.0495	0.9189	-1.2380	0.0071	0.4845
0.0500	-0.3908	-0.9477	0.0068	0.1293
0.0505	0.0071	-0.7554	0.0001	-0.4401
0.0510	-0.1712	-0.6160	0.0045	-0.9708
0.0515	-0.0043	-0.5150	0.0065	-1.3059
0.0520	-0.0947	-0.4234	0.0060	-1.3278
0.0525	0.0074	-0.3496	0.0039	-1.0241
0.0530	-0.0480	-0.2861	0.0035	-0.5035
0.0535	0.0210	-0.2285	0.0044	0.0945
0.0540	-0.0160	-0.1822	0.0034	0.5782
0.0545	0.0319	-0.1385	0.0009	0.8298
0.0550	0.0070	-0.1012	0.0038	0.7618
0.0555	0.0391	-0.0797	0.0070	0.4079
0.0560	0.0188	-0.0649	0.0123	-0.1123
0.0565	0.0383	-0.0694	-0.0142	-0.6305
0.0570	0.0224	-0.0679	-0.0368	-1.0048
0.0575	0.0352	-0.0702	-0.0002	-1.1090
0.0580	0.0247	-0.0661	0.0083	-0.9192
0.0585	0.0343	-0.0645	0.0046	-0.4978
0.0590	0.0288	-0.0523	0.0027	0.0292
0.0595	0.0372	-0.0432	0.0081	0.4949
0.0600	0.0353	-0.0316	0.0091	0.7822
0.0605	0.0413	-0.0204	0.0035	0.8017
0.0610	0.0390	-0.0157	-0.0016	0.5588
0.0615	0.0415	-0.0181	0.0066	0.1288
0.0620	0.0380	-0.0218	0.0098	-0.3379
0.0625	0.0391	-0.0318	0.0064	-0.6956
0.0630	0.0352	-0.0323	0.0028	-0.8495
0.0635	0.0375	-0.0367	0.0079	-0.7467
0.0640	0.0333	-0.0416	0.0123	-0.4180
0.0645	0.0383	-0.0378	0.0065	0.0293
0.0650	0.0344	-0.0283	0.0025	0.4559
0.0655	0.0435	-0.0243	0.0028	0.7334
0.0660	0.0363	-0.0150	0.0066	0.7917
0.0665	0.0470	-0.0126	0.0042	0.6123
0.0670	0.0342	-0.0106	0.0015	0.2521
0.0675	0.0489	-0.0153	0.0049	-0.1850
0.0680	0.0292	-0.0268	0.0071	-0.5582
0.0685	0.0497	-0.0278	0.0015	-0.7506
0.0690	0.0221	-0.0341	-0.0008	-0.7244
0.0695	0.0540	-0.0325	0.0036	-0.4810
0.0700	0.0155	-0.0322	0.0058	-0.1119
0.0705	0.0630	-0.0288	0.0033	0.2646
0.0710	0.0085	-0.0235	0.0001	0.5436
0.0715	0.0777	-0.0171	-0.0034	0.6320
0.0720	-0.0056	-0.0096	0.0023	0.5146
0.0725	0.1014	-0.0140	0.0005	0.2195
0.0730	-0.0412	-0.0142	-0.0043	-0.1571
0.0735	0.1614	-0.0311	-0.0403	-0.4995
0.0740	-0.1890	-0.0210	-0.0135	-0.6952
0.0745	1.6022	-0.1030	-0.0005	-0.7045
0.0750	2.8876	-0.3657	-0.0021	-0.3947
0.0755	2.4974	-0.5320	0.0017	0.1604
0.0760	2.6806	-0.6454	0.0028	0.7302
0.0765	2.5218	-0.7166	0.0028	1.1177
0.0770	2.6113	-0.8065	-0.0052	1.2144
0.0775	2.5059	-0.8984	0.0009	1.0011
0.0780	2.5581	-0.9787	0.0028	0.5404
0.0785	2.4883	-1.0380	0.0028	-0.0378
0.0790	2.5228	-1.0973	-0.0015	-0.5241
0.0795	2.4754	-1.1391	0.0041	-0.8141
0.0800	2.4993	-1.1711	0.0047	-0.8093
0.0805	2.4663	-1.2060	0.0022	-0.5326
0.0810	2.4850	-1.2210	-0.0012	-0.0683
0.0815	2.4646	-1.2283	0.0019	0.4377
0.0820	2.4794	-1.2362	0.0045	0.8182
0.0825	2.4661	-1.2370	0.0022	0.9587
0.0830	2.4735	-1.2469	-0.0008	0.8259
0.0835	2.4617	-1.2611	-0.0019	0.4456
0.0840	2.4656	-1.2764	-0.0018	-0.0626
0.0845	2.4590	-1.2870	0.0003	-0.5052
0.0850	2.4641	-1.2765	0.0001	-0.7739
0.0855	2.4566	-1.2983	0.0012	-0.7949
0.0860	2.4593	-1.3048	0.0011	-0.5805
0.0865	2.4568	-1.3061	0.0005	-0.1897
0.0870	2.4600	-1.2950	0.0005	0.2353
0.0875	2.4595	-1.2875	-0.0029	0.5617
0.0880	2.4629	-1.2818	-0.0026	0.6965
0.0885	2.4609	-1.2795	-0.0015	0.5921
0.0890	2.4649	-1.2787	-0.0061	0.2680
0.0895	2.4580	-1.2876	0.0029	-0.1454
0.0900	2.4622	-1.2998	-0.0298	-0.5253
0.0905	2.4537	-1.2981	-0.0313	-0.7583
0.0910	2.4593	-1.3161	-0.0045	-0.7716
0.0915	2.4488	-1.3152	-0.0037	-0.5722
0.0920	2.4617	-1.3174	0.0002	-0.2324
0.0925	2.4465	-1.3109	-0.0017	0.1553
0.0930	2.4686	-1.3005	0.0010	0.4563
0.0935	2.4480	-1.2920	0.0010	0.5904
0.0940	2.4752	-1.2889	0.0007	0.5168
0.0945	2.4427	-1.2928	-0.0022	0.2752
0.0950	2.4802	-1.2919	0.0012	-0.0847
0.0955	2.4314	-1.3057	0.0020	-0.4029
0.0960	2.4855	-1.3180	0.0045	-0.5916
0.0965	2.4136	-1.3283	0.0044	-0.6127
0.0970	2.4983	-1.3360	0.0022	-0.4388
0.0975	2.3910	-1.3272	0.0045	-0.1379
0.0980	2.5357	-1.3262	0.0018	0.1789
0.0985	2.3318	-1.3054	0.0030	0.4387
0.0990	2.6850	-1.3171	0.0022	0.5366
0.0995	0.9184	-1.2324	-0.0026	0.4859
0.1000	-0.3899	-0.9435	-0.0003	0.1263
0.1005	0.0080	-0.7556	-0.0009	-0.4357
0.1010	-0.1702	-0.6095	-0.0008	-0.9683
0.1015	-0.0044	-0.5148	-0.0029	-1.2960
0.1020	-0.0935	-0.4195	-0.0009	-1.3177
0.1025	0.0075	-0.3502	-0.0024	-1.0223
0.1030	-0.0479	-0.2841	-0.0026	-0.4940
0.1035	0.0210	-0.2265	-0.0031	0.0923
0.1040	-0.0148	-0.1819	-0.0029	0.5783
0.1045	0.0326	-0.1391	-0.0029	0.8177
0.1050	0.0077	-0.1001	-0.0027	0.7580
0.1055	0.0393	-0.0810	-0.0041	0.4065
0.1060	0.0190	-0.0679	0.0017	-0.1106
0.1065	0.0387	-0.0646	-0.0172	-0.6336
0.1070	0.0227	-0.0653	-0.0443	-1.0028
0.1075	0.0345	-0.0671	-0.0126	-1.0963
0.1080	0.0247	-0.0710	-0.0064	-0.9164
0.1085	0.0340	-0.0621	-0.0011	-0.5005
0.1090	0.0289	-0.0519	-0.0024	0.0310
0.1095	0.0369	-0.0380	-0.0037	0.4950
0.1100	0.0349	-0.0291	-0.0022	0.7739
0.1105	0.0411	-0.0277	-0.0031	0.7855
0.1110	0.0392	-0.0131	-0.0028	0.5547
0.1115	0.0415	-0.0180	-0.0039	0.1281
0.1120	0.0378	-0.0228	-0.0024	-0.3331
0.1125	0.0392	-0.0281	-0.0037	-0.6906
0.1130	0.0352	-0.0356	-0.0017	-0.8428
0.1135	0.0372	-0.0371	-0.0036	-0.7413
0.1140	0.0336	-0.0416	-0.0015	-0.4222
0.1145	0.0385	-0.0321	-0.0022	0.0250
0.1150	0.0343	-0.0305	-0.0032	0.4460
0.1155	0.0435	-0.0234	-0.0043	0.7203
0.1160	0.0365	-0.0125	-0.0044	0.7849
0.1165	0.0473	-0.0168	-0.0046	0.6102
0.1170	0.0346	-0.0124	-0.0067	0.2385
0.1175	0.0484	-0.0158	-0.0073	-0.1898
0.1180	0.0283	-0.0221	-0.0062	-0.5534
0.1185	0.0494	-0.0371	-0.0055	-0.7476
0.1190	0.0215	-0.0350	-0.0073	-0.7149
0.1195	0.0536	-0.0356	-0.0063	-0.4844
0.1200	0.0157	-0.0343	-0.0045	-0.1136
0.1205	0.0620	-0.0300	-0.0080	0.2639
0.1210	0.0085	-0.0232	-0.0098	0.5345
0.1215	0.0773	-0.0162	-0.0103	0.6260
0.1220	-0.0062	-0.0127	-0.0077	0.5036
0.1225	0.1013	-0.0143	-0.0125	0.2135
0.1230	-0.0412	-0.0163	-0.0132	-0.1558
0.1235	0.1613	-0.0303	-0.0471	-0.4965
0.1240	-0.1885	-0.0217	-0.0303	-0.6923
0.1245	1.6036	-0.1032	-0.0123	-0.6987
0.1250	2.8863	-0.3704	-0.0092	-0.3846
0.1255	2.4972	-0.5347	-0.0069	0.1687
0.1260	2.6812	-0.6432	-0.0105	0.7209
0.1265	2.5217	-0.7184	-0.0080	1.1093
0.1270	2.6114	-0.8089	-0.0095	1.2041
0.1275	2.5060	-0.9000	-0.0089	0.9899
0.1280	2.5579	-0.9771	-0.0091	0.5351
0.1285	2.4884	-1.0381	-0.0086	-0.0380
0.1290	2.5224	-1.0995	-0.0093	-0.5277
0.1295	2.4753	-1.1385	-0.0088	-0.8054
0.1300	2.4993	-1.1742	-0.0106	-0.8033
0.1305	2.4668	-1.1996	-0.0090	-0.5265
0.1310	2.4851	-1.2237	-0.0100	-0.0624
0.1315	2.4657	-1.2229	-0.0074	0.4279
0.1320	2.4796	-1.2327	-0.0107	0.8115
0.1325	2.4661	-1.2391	-0.0153	0.9584
0.1330	2.4732	-1.2460	-0.0129	0.8231
0.1335	2.4615	-1.2665	-0.0112	0.4367
0.1340	2.4655	-1.2819	-0.0118	-0.0590
0.1345	2.4589	-1.2846	-0.0107	-0.5001
0.1350	2.4639	-1.2822	-0.0112	-0.7656
0.1355	2.4566	-1.3028	-0.0070	-0.7880
0.1360	2.4590	-1.3026	-0.0105	-0.5737
0.1365	2.4564	-1.2971	-0.0093	-0.1927
0.1370	2.4597	-1.2981	-0.0126	0.2199
0.1375	2.4590	-1.2928	-0.0103	0.5465
0.1380	2.4625	-1.2820	-0.0115	0.6832
0.1385	2.4608	-1.2771	-0.0118	0.5864
0.1390	2.4643	-1.2802	-0.0171	0.2638
0.1395	2.4577	-1.2880	-0.0050	-0.1542
0.1400	2.4622	-1.2963	-0.0362	-0.5209
0.1405	2.4538	-1.2982	-0.0467	-0.7535
0.1410	2.4591	-1.3133	-0.0159	-0.7659
0.1415	2.4479	-1.3171	-0.0141	-0.5624
0.1420	2.4611	-1.3200	-0.0071	-0.2285
0.1425	2.4456	-1.3174	-0.0113	0.1590
0.1430	2.4671	-1.3081	-0.0114	0.4554
0.1435	2.4458	-1.2986	-0.0106	0.5811
0.1440	2.4738	-1.2945	-0.0080	0.5100
0.1445	2.4423	-1.2889	-0.0135	0.2651
0.1450	2.4801	-1.2997	-0.0085	-0.0867
0.1455	2.4314	-1.3080	-0.0098	-0.4082
0.1460	2.4859	-1.3165	-0.0066	-0.5988
0.1465	2.4142	-1.3290	-0.0073	-0.6114
0.1470	2.4980	-1.3339	-0.0109	-0.4427
0.1475	2.3904	-1.3304	-0.0053	-0.1449
0.1480	2.5342	-1.3313	-0.0075	0.1835
0.1485	2.3303	-1.3119	-0.0100	0.4429
0.1490	2.6847	-1.3213	-0.0124	0.5476
0.1495	0.9176	-1.2359	-0.0109	0.4851
0.1500	-0.3901	-0.9464	-0.0079	0.1228
0.1505	0.0078	-0.7601	-0.0120	-0.4456
0.1510	-0.1701	-0.6164	-0.0129	-0.9701
0.1515	-0.0044	-0.5146	-0.0091	-1.3104
0.1520	-0.0942	-0.4263	-0.0070	-1.3217
0.1525	0.0074	-0.3481	-0.0129	-1.0201
0.1530	-0.0479	-0.2831	-0.0130	-0.4998
0.1535	0.0217	-0.2268	-0.0120	0.1070
0.1540	-0.0145	-0.1725	-0.0117	0.5858
0.1545	0.0330	-0.1303	-0.0126	0.8227
0.1550	0.0084	-0.0996	-0.0121	0.7576
0.1555	0.0398	-0.0785	-0.0132	0.4101
0.1560	0.0198	-0.0660	-0.0081	-0.1146
0.1565	0.0385	-0.0663	-0.0206	-0.6295
0.1570	0.0226	-0.0657	-0.0526	-1.0064
0.1575	0.0352	-0.0659	-0.0211	-1.1011
0.1580	0.0249	-0.0659	-0.0108	-0.9140
0.1585	0.0347	-0.0590	-0.0110	-0.4914
0.1590	0.0292	-0.0508	-0.0129	0.0324
0.1595	0.0370	-0.0407	-0.0120	0.4973
0.1600	0.0355	-0.0325	-0.0090	0.7788
0.1605	0.0409	-0.0193	-0.0137	0.7930
0.1610	0.0391	-0.0162	-0.0141	0.5529
0.1615	0.0415	-0.0174	-0.0102	0.1223
0.1620	0.0380	-0.0179	-0.0087	-0.3425
0.1625	0.0388	-0.0272	-0.0107	-0.7000
0.1630	0.0348	-0.0366	-0.0125	-0.8523
0.1635	0.0369	-0.0383	-0.0090	-0.7474
0.1640	0.0327	-0.0412	-0.0072	-0.4120
0.1645	0.0383	-0.0379	-0.0117	0.0285
0.1650	0.0345	-0.0321	-0.0116	0.4557
0.1655	0.0433	-0.0184	-0.0120	0.7311
0.1660	0.0363	-0.0144	-0.0090	0.7887
0.1665	0.0469	-0.0088	-0.0149	0.6124
0.1670	0.0344	-0.0083	-0.0142	0.2370
0.1675	0.0488	-0.0136	-0.0100	-0.1953
0.1680	0.0286	-0.0230	-0.0093	-0.5563
0.1685	0.0495	-0.0296	-0.0173	-0.7498
0.1690	0.0221	-0.0344	-0.0176	-0.7258
0.1695	0.0543	-0.0350	-0.0091	-0.4845
0.1700	0.0157	-0.0303	-0.0111	-0.1079
0.1705	0.0628	-0.0282	-0.0160	0.2632
0.1710	0.0089	-0.0209	-0.0168	0.5446
0.1715	0.0777	-0.0177	-0.0138	0.6298
0.1720	-0.0058	-0.0107	-0.0124	0.5103
0.1725	0.1014	-0.0180	-0.0212	0.2106
0.1730	-0.0409	-0.0128	-0.0170	-0.1660
0.1735	0.1614	-0.0250	-0.0488	-0.4925
0.1740	-0.1884	-0.0209	-0.0361	-0.7001
0.1745	1.6062	-0.1041	-0.0172	-0.7096
0.1750	2.8863	-0.3683	-0.0177	-0.3899
0.1755	2.4978	-0.5317	-0.0105	0.1596
0.1760	2.6817	-0.6340	-0.0128	0.7229
0.1765	2.5223	-0.7167	-0.0150	1.1097
0.1770	2.6111	-0.8042	-0.0198	1.2094
0.1775	2.5068	-0.8940	-0.0142	0.9930
0.1780	2.5580	-0.9704	-0.0112	0.5334
0.1785	2.4892	-1.0353	-0.0128	-0.0319
0.1790	2.5229	-1.0921	-0.0137	-0.5271
0.1795	2.4757	-1.1327	-0.0116	-0.8011
0.1800	2.5001	-1.1676	-0.0108	-0.8148
0.1805	2.4671	-1.2081	-0.0146	-0.5326
0.1810	2.4862	-1.2152	-0.0185	-0.0695
0.1815	2.4664	-1.2230	-0.0110	0.4246
0.1820	2.4796	-1.2307	-0.0111	0.8115
0.1825	2.4663	-1.2368	-0.0195	0.9605
0.1830	2.4743	-1.2427	-0.0190	0.8357
0.1835	2.4618	-1.2631	-0.0136	0.4548
0.1840	2.4657	-1.2781	-0.0101	-0.0483
0.1845	2.4587	-1.2846	-0.0144	-0.4882
0.1850	2.4638	-1.2852	-0.0188	-0.7600
0.1855	2.4559	-1.3001	-0.0086	-0.7908
0.1860	2.4581	-1.3074	-0.0088	-0.5816
0.1865	2.4556	-1.3019	-0.0133	-0.1977
0.1870	2.4584	-1.3030	-0.0153	0.2223
0.1875	2.4579	-1.2926	-0.0101	0.5556
0.1880	2.4618	-1.2856	-0.0142	0.6880
0.1885	2.4608	-1.2831	-0.0125	0.5897
0.1890	2.4643	-1.2869	-0.0198	0.2737
0.1895	2.4575	-1.2935	-0.0074	-0.1516
0.1900	2.4618	-1.2990	-0.0310	-0.5265
0.1905	2.4537	-1.3035	-0.0485	-0.7558
0.1910	2.4586	-1.3211	-0.0196	-0.7690
0.1915	2.4478	-1.3257	-0.0151	-0.5724
0.1920	2.4605	-1.3218	-0.0085	-0.2222
0.1925	2.4456	-1.3169	-0.0118	0.1572
0.1930	2.4665	-1.3063	-0.0129	0.4551
0.1935	2.4451	-1.2980	-0.0103	0.5920
0.1940	2.4727	-1.2958	-0.0098	0.5199
0.1945	2.4406	-1.2984	-0.0133	0.2713
0.1950	2.4795	-1.2975	-0.0132	-0.0766
0.1955	2.4307	-1.3084	-0.0085	-0.4083
0.1960	2.4851	-1.3196	-0.0075	-0.6034
0.1965	2.4138	-1.3324	-0.0068	-0.6182
0.1970	2.4981	-1.3386	-0.0100	-0.4463
0.1975	2.3900	-1.3312	-0.0072	-0.1509
0.1980	2.5343	-1.3250	-0.0055	0.1761
0.1985	2.3306	-1.3087	-0.0079	0.4407
0.1990	2.6848	-1.3204	-0.0142	0.5603
0.1995	0.9156	-1.2366	-0.0091	0.4939
0.2000	-0.3901	-0.9468	-0.0066	0.1368
0.2005	0.0077	-0.7530	-0.0105	-0.4341
0.2010	-0.1700	-0.6161	-0.0098	-0.9784
0.2015	-0.0044	-0.5150	-0.0064	-1.3091
0.2020	-0.0939	-0.4217	-0.0057	-1.3289
0.2025	0.0071	-0.3531	-0.0096	-1.0333
0.2030	-0.0473	-0.2852	-0.0111	-0.5013
0.2035	0.0215	-0.2241	-0.0090	0.0960
0.2040	-0.0146	-0.1698	-0.0091	0.5839
0.2045	0.0334	-0.1365	-0.0114	0.8308
0.2050	0.0084	-0.0957	-0.0107	0.7637
0.2055	0.0401	-0.0754	-0.0103	0.4174
0.2060	0.0200	-0.0646	-0.0044	-0.1059
0.2065	0.0390	-0.0661	-0.0144	-0.6320
0.2070	0.0229	-0.0639	-0.0489	-1.0076
0.2075	0.0356	-0.0663	-0.0217	-1.1133
0.2080	0.0252	-0.0693	-0.0087	-0.9235
0.2085	0.0345	-0.0614	-0.0073	-0.4982
0.2090	0.0289	-0.0548	-0.0089	0.0288
0.2095	0.0373	-0.0408	-0.0084	0.4986
0.2100	0.0350	-0.0314	-0.0030	0.7842
0.2105	0.0412	-0.0228	-0.0090	0.8024
0.2110	0.0389	-0.0184	-0.0128	0.5594
0.2115	0.0418	-0.0156	-0.0087	0.1291
0.2120	0.0381	-0.0242	-0.0034	-0.3385
0.2125	0.0393	-0.0291	-0.0072	-0.7066
0.2130	0.0348	-0.0357	-0.0072	-0.8562
0.2135	0.0370	-0.0389	-0.0034	-0.7544
0.2140	0.0330	-0.0429	-0.0006	-0.4200
0.2145	0.0386	-0.0350	-0.0076	0.0275
0.2150	0.0346	-0.0282	-0.0081	0.4572
0.2155	0.0433	-0.0216	-0.0065	0.7403
0.2160	0.0364	-0.0114	-0.0057	0.8005
0.2165	0.0469	-0.0151	-0.0077	0.6124
0.2170	0.0348	-0.0090	-0.0090	0.2553
0.2175	0.0482	-0.0173	-0.0061	-0.1880
0.2180	0.0284	-0.0233	-0.0037	-0.5546
0.2185	0.0495	-0.0326	-0.0106	-0.7558
0.2190	0.0216	-0.0359	-0.0083	-0.7260
0.2195	0.0538	-0.0405	-0.0035	-0.4864
0.2200	0.0155	-0.0366	-0.0038	-0.1128
0.2205	0.0628	-0.0309	-0.0104	0.2651
0.2210	0.0083	-0.0215	-0.0084	0.5478
0.2215	0.0778	-0.0115	-0.0100	0.6380
0.2220	-0.0057	-0.0103	-0.0064	0.5198
0.2225	0.1012	-0.0153	-0.0115	0.2256
0.2230	-0.0412	-0.0165	-0.0087	-0.1509
0.2235	0.1612	-0.0305	-0.0402	-0.4943
0.2240	-0.1882	-0.0162	-0.0324	-0.7026
0.2245	1.6076	-0.1007	-0.0088	-0.7056
0.2250	2.8870	-0.3689	-0.0130	-0.3947
0.2255	2.4980	-0.5269	-0.0038	0.1614
0.2260	2.6814	-0.6374	-0.0029	0.7186
0.2265	2.5224	-0.7168	-0.0073	1.1217
0.2270	2.6115	-0.8009	-0.0105	1.2193
0.2275	2.5064	-0.8995	-0.0040	1.0005
0.2280	2.5583	-0.9759	-0.0036	0.5450
0.2285	2.4886	-1.0363	-0.0056	-0.0315
0.2290	2.5229	-1.0958	-0.0073	-0.5271
0.2295	2.4759	-1.1326	-0.0034	-0.8139
0.2300	2.4996	-1.1742	-0.0003	-0.8146
0.2305	2.4667	-1.2024	-0.0047	-0.5385
0.2310	2.4857	-1.2193	-0.0079	-0.0727
0.2315	2.4660	-1.2213	-0.0031	0.4257
0.2320	2.4802	-1.2310	-0.0058	0.8146
0.2325	2.4669	-1.2320	-0.0093	0.9602
0.2330	2.4740	-1.2486	-0.0081	0.8271
0.2335	2.4622	-1.2647	-0.0058	0.4483
0.2340	2.4656	-1.2773	-0.0034	-0.0465
0.2345	2.4591	-1.2862	-0.0037	-0.4920
0.2350	2.4639	-1.2822	-0.0085	-0.7647
0.2355	2.4562	-1.3040	-0.0000	-0.7922
0.2360	2.4585	-1.3084	0.0006	-0.5770
0.2365	2.4556	-1.3075	-0.0034	-0.1911
0.2370	2.4578	-1.3071	-0.0074	0.2248
0.2375	2.4572	-1.2989	-0.0016	0.5519
0.2380	2.4614	-1.2868	-0.0023	0.6889
0.2385	2.4587	-1.2854	-0.0044	0.5982
0.2390	2.4627	-1.2859	-0.0088	0.2789
0.2395	2.4557	-1.2956	0.0034	-0.1446
0.2400	2.4608	-1.3018	-0.0165	-0.5308
0.2405	2.4526	-1.3067	-0.0431	-0.7528
0.2410	2.4574	-1.3180	-0.0121	-0.7742
0.2415	2.4477	-1.3248	-0.0028	-0.5755
0.2420	2.4598	-1.3235	0.0021	-0.2301
0.2425	2.4439	-1.3294	-0.0039	0.1628
0.2430	2.4655	-1.3131	-0.0036	0.4634
0.2435	2.4454	-1.3036	0.0047	0.6010
0.2440	2.4732	-1.2958	0.0016	0.5264
0.2445	2.4413	-1.2953	-0.0044	0.2701
0.2450	2.4799	-1.3022	-0.0011	-0.0778
0.2455	2.4309	-1.3072	0.0030	-0.4107
0.2460	2.4850	-1.3190	0.0038	-0.6157
0.2465	2.4139	-1.3298	-0.0008	-0.6263
0.2470	2.4978	-1.3366	-0.0002	-0.4594
0.2475	2.3902	-1.3313	0.0054	-0.1487
0.2480	2.5333	-1.3321	0.0071	0.1888
0.2485	2.3309	-1.3106	-0.0000	0.4512
0.2490	2.6837	-1.3212	-0.0024	0.5690
0.2495	0.9141	-1.2350	0.0029	0.4973
0.2500	-0.3902	-0.9486	0.0010	0.1248
0.2505	0.0076	-0.7589	-0.0021	-0.4389
0.2510	-0.1702	-0.6161	0.0003	-0.9883
0.2515	-0.0049	-0.5154	0.0010	-1.3152
0.2520	-0.0943	-0.4258	0.0056	-1.3298
0.2525	0.0066	-0.3513	0.0001	-1.0301
0.2530	-0.0481	-0.2856	-0.0006	-0.4966
0.2535	0.0206	-0.2258	0.0031	0.1003
0.2540	-0.0151	-0.1772	0.0042	0.5871
0.2545	0.0327	-0.1320	-0.0009	0.8362
0.2550	0.0081	-0.1024	-0.0024	0.7684
0.2555	0.0395	-0.0777	0.0032	0.4156
0.2560	0.0193	-0.0672	0.0081	-0.1169
0.2565	0.0384	-0.0628	-0.0025	-0.6358
0.2570	0.0226	-0.0646	-0.0407	-1.0103
0.2575	0.0351	-0.0654	-0.0116	-1.1222
0.2580	0.0247	-0.0713	0.0044	-0.9301
0.2585	0.0341	-0.0605	0.0034	-0.5007
0.2590	0.0293	-0.0535	-0.0008	0.0394
0.2595	0.0374	-0.0410	0.0043	0.5015
0.2600	0.0351	-0.0298	0.0078	0.7891
0.2605	0.0409	-0.0189	0.0030	0.8003
0.2610	0.0390	-0.0158	-0.0042	0.5583
0.2615	0.0414	-0.0186	0.0039	0.1280
0.2620	0.0384	-0.0254	0.0080	-0.3408
0.2625	0.0388	-0.0297	0.0043	-0.7060
0.2630	0.0347	-0.0379	0.0011	-0.8600
0.2635	0.0369	-0.0372	0.0064	-0.7550
0.2640	0.0332	-0.0420	0.0086	-0.4219
0.2645	0.0384	-0.0388	0.0045	0.0287
0.2650	0.0348	-0.0295	0.0015	0.4594
0.2655	0.0432	-0.0207	0.0022	0.7378
0.2660	0.0363	-0.0138	0.0092	0.8032
0.2665	0.0469	-0.0083	0.0024	0.6136
0.2670	0.0343	-0.0125	-0.0014	0.2385
0.2675	0.0488	-0.0190	0.0027	-0.1911
0.2680	0.0285	-0.0227	0.0073	-0.5664
0.2685	0.0491	-0.0337	0.0030	-0.7555
0.2690	0.0216	-0.0384	-0.0001	-0.7254
0.2695	0.0537	-0.0385	0.0033	-0.4896
0.2700	0.0154	-0.0350	0.0059	-0.1212
0.2705	0.0628	-0.0280	0.0006	0.2720
0.2710	0.0087	-0.0244	0.0006	0.5531
0.2715	0.0775	-0.0165	-0.0042	0.6360
0.2720	-0.0057	-0.0128	0.0051	0.5174
0.2725	0.1014	-0.0194	0.0004	0.2174
0.2730	-0.0410	-0.0159	0.0011	-0.1560
0.2735	0.1609	-0.0307	-0.0306	-0.5076
0.2740	-0.1881	-0.0137	-0.0257	-0.7091
0.2745	1.6093	-0.1070	0.0028	-0.7067
0.2750	2.8862	-0.3689	-0.0037	-0.3961
0.2755	2.4982	-0.5337	0.0000	0.1594
0.2760	2.6813	-0.6405	0.0033	0.7235
0.2765	2.5225	-0.7154	0.0059	1.1215
0.2770	2.6107	-0.8076	-0.0017	1.2180
0.2775	2.5056	-0.8961	0.0022	1.0068
0.2780	2.5581	-0.9760	0.0034	0.5418
0.2785	2.4883	-1.0363	0.0065	-0.0247
0.2790	2.5229	-1.0960	0.0042	-0.5298
0.2795	2.4763	-1.1336	0.0024	-0.8167
0.2800	2.4998	-1.1711	0.0083	-0.8226
0.2805	2.4671	-1.2033	0.0083	-0.5387
0.2810	2.4869	-1.2155	0.0040	-0.0745
0.2815	2.4677	-1.2160	0.0030	0.4204
0.2820	2.4813	-1.2194	0.0042	0.8120
0.2825	2.4679	-1.2268	0.0033	0.9660
0.2830	2.4752	-1.2422	0.0038	0.8359
0.2835	2.4626	-1.2588	-0.0003	0.4550
0.2840	2.4655	-1.2732	0.0023	-0.0403
0.2845	2.4588	-1.2832	0.0067	-0.4909
0.2850	2.4634	-1.2861	0.0015	-0.7568
0.2855	2.4559	-1.3025	0.0032	-0.7897
0.2860	2.4584	-1.3125	0.0023	-0.5801
0.2865	2.4554	-1.3055	0.0037	-0.2029
0.2870	2.4588	-1.3072	0.0030	0.2157
0.2875	2.4582	-1.2928	0.0039	0.5524
0.2880	2.4617	-1.2903	-0.0005	0.6814
0.2885	2.4596	-1.2840	0.0033	0.5868
0.2890	2.4633	-1.2837	0.0026	0.2728
0.2895	2.4571	-1.2927	0.0077	-0.1409
0.2900	2.4610	-1.3022	-0.0124	-0.5185
0.2905	2.4522	-1.3087	-0.0348	-0.7441
0.2910	2.4573	-1.3217	-0.0049	-0.7625
0.2915	2.4467	-1.3307	0.0042	-0.5678
0.2920	2.4597	-1.3249	0.0049	-0.2256
0.2925	2.4446	-1.3248	0.0041	0.1470
0.2930	2.4658	-1.3093	0.0043	0.4460
0.2935	2.4456	-1.2999	0.0067	0.5818
0.2940	2.4728	-1.2969	0.0029	0.5136
0.2945	2.4404	-1.2963	0.0016	0.2694
0.2950	2.4789	-1.3003	0.0054	-0.0742
0.2955	2.4298	-1.3145	0.0112	-0.3928
0.2960	2.4841	-1.3230	0.0044	-0.5952
0.2965	2.4132	-1.3315	0.0062	-0.6078
0.2970	2.4976	-1.3369	0.0074	-0.4398
0.2975	2.3903	-1.3309	0.0114	-0.1497
0.2980	2.5344	-1.3342	0.0083	0.1670
0.2985	2.3308	-1.3109	0.0047	0.4288
0.2990	2.6838	-1.3226	0.0052	0.5428
0.2995	0.9121	-1.2370	0.0076	0.4848
0.3000	-0.3902	-0.9482	0.0049	0.1364
0.3005	0.0078	-0.7583	0.0024	-0.4312
0.3010	-0.1704	-0.6146	0.0056	-0.9589
0.3015	-0.0051	-0.5138	0.0080	-1.2890
0.3020	-0.0944	-0.4240	0.0071	-1.3129
0.3025	0.0064	-0.3508	0.0038	-1.0228
0.3030	-0.0483	-0.2854	0.0039	-0.5019
0.3035	0.0208	-0.2285	0.0054	0.0897
0.3040	-0.0155	-0.1737	0.0037	0.5704
0.3045	0.0325	-0.1382	0.0012	0.8161
0.3050	0.0071	-0.0980	0.0025	0.7615
0.3055	0.0391	-0.0755	0.0050	0.4089
0.3060	0.0189	-0.0697	0.0082	-0.1032
0.3065	0.0383	-0.0669	0.0004	-0.6264
0.3070	0.0224	-0.0666	-0.0339	-0.9947
0.3075	0.0346	-0.0675	-0.0151	-1.1040
0.3080	0.0247	-0.0696	0.0064	-0.9129
0.3085	0.0341	-0.0630	0.0028	-0.4985
0.3090	0.0289	-0.0562	0.0021	0.0170
0.3095	0.0372	-0.0431	0.0066	0.4847
0.3100	0.0352	-0.0336	0.0094	0.7682
0.3105	0.0406	-0.0212	0.0017	0.7908
0.3110	0.0386	-0.0145	-0.0011	0.5559
0.3115	0.0418	-0.0163	0.0045	0.1334
0.3120	0.0376	-0.0235	0.0094	-0.3348
0.3125	0.0389	-0.0321	0.0037	-0.6933
0.3130	0.0350	-0.0382	0.0026	-0.8470
0.3135	0.0368	-0.0404	0.0057	-0.7383
0.3140	0.0333	-0.0403	0.0090	-0.4179
0.3145	0.0384	-0.0404	0.0030	0.0267
0.3150	0.0347	-0.0285	0.0009	0.4488
0.3155	0.0434	-0.0232	0.0046	0.7252
0.3160	0.0365	-0.0130	0.0058	0.7880
0.3165	0.0471	-0.0125	0.0013	0.6122
0.3170	0.0344	-0.0080	-0.0015	0.2489
0.3175	0.0488	-0.0168	0.0019	-0.1864
0.3180	0.0286	-0.0242	0.0034	-0.5443
0.3185	0.0493	-0.0300	-0.0008	-0.7482
0.3190	0.0219	-0.0332	0.0009	-0.7139
0.3195	0.0540	-0.0365	-0.0008	-0.4813
0.3200	0.0153	-0.0323	0.0018	-0.1098
0.3205	0.0625	-0.0302	-0.0009	0.2682
0.3210	0.0083	-0.0179	-0.0024	0.5341
0.3215	0.0777	-0.0201	-0.0009	0.6258
0.3220	-0.0057	-0.0121	-0.0015	0.5055
0.3225	0.1011	-0.0167	-0.0056	0.2149
0.3230	-0.0406	-0.0170	-0.0009	-0.1580
0.3235	0.1609	-0.0311	-0.0263	-0.4884
0.3240	-0.1880	-0.0177	-0.0333	-0.6902
0.3245	1.6102	-0.1018	-0.0050	-0.6893
0.3250	2.8861	-0.3692	-0.0044	-0.3848
0.3255	2.4978	-0.5357	0.0014	0.1650
0.3260	2.6806	-0.6375	-0.0029	0.7216
0.3265	2.5218	-0.7173	-0.0004	1.1163
0.3270	2.6098	-0.8047	-0.0044	1.2099
0.3275	2.5046	-0.9017	-0.0002	0.9984
0.3280	2.5565	-0.9837	-0.0014	0.5406
0.3285	2.4875	-1.0405	0.0010	-0.0261
0.3290	2.5223	-1.0981	-0.0007	-0.5231
0.3295	2.4755	-1.1395	0.0031	-0.8053
0.3300	2.4997	-1.1712	0.0009	-0.8143
0.3305	2.4661	-1.2034	0.0025	-0.5353
0.3310	2.4852	-1.2197	0.0008	-0.0692
0.3315	2.4653	-1.2280	-0.0006	0.4259
0.3320	2.4788	-1.2345	-0.0045	0.8069
0.3325	2.4657	-1.2390	-0.0009	0.9650
0.3330	2.4735	-1.2470	-0.0024	0.8328
0.3335	2.4615	-1.2635	-0.0049	0.4496
0.3340	2.4655	-1.2793	-0.0034	-0.0501
0.3345	2.4591	-1.2858	-0.0012	-0.5002
0.3350	2.4632	-1.2856	-0.0037	-0.7707
0.3355	2.4561	-1.2999	-0.0040	-0.7925
0.3360	2.4585	-1.3024	-0.0038	-0.5756
0.3365	2.4555	-1.3066	-0.0023	-0.1942
0.3370	2.4584	-1.3021	-0.0022	0.2209
0.3375	2.4583	-1.2935	-0.0049	0.5534
0.3380	2.4612	-1.2897	-0.0052	0.6861
0.3385	2.4589	-1.2884	-0.0038	0.5964
0.3390	2.4631	-1.2887	-0.0090	0.2726
0.3395	2.4561	-1.2981	-0.0026	-0.1476
0.3400	2.4613	-1.2972	-0.0141	-0.5277
0.3405	2.4524	-1.3049	-0.0419	-0.7585
0.3410	2.4586	-1.3204	-0.0158	-0.7664
0.3415	2.4477	-1.3231	-0.0041	-0.5760
0.3420	2.4603	-1.3219	-0.0018	-0.2275
0.3425	2.4452	-1.3189	-0.0036	0.1544
0.3430	2.4673	-1.3032	-0.0046	0.4589
0.3435	2.4469	-1.2925	-0.0011	0.5851
0.3440	2.4741	-1.2972	-0.0025	0.5230
0.3445	2.4416	-1.2913	-0.0041	0.2696
0.3450	2.4792	-1.2996	-0.0040	-0.0752
0.3455	2.4297	-1.3114	-0.0003	-0.3976
0.3460	2.4840	-1.3278	-0.0053	-0.5909
0.3465	2.4136	-1.3315	-0.0013	-0.6092
0.3470	2.4974	-1.3341	-0.0020	-0.4465
0.3475	2.3905	-1.3304	-0.0022	-0.1427
0.3480	2.5347	-1.3271	-0.0032	0.1786
0.3485	2.3316	-1.3051	-0.0002	0.4276
0.3490	2.6840	-1.3198	-0.0011	0.5329
0.3495	0.9112	-1.2371	-0.0038	0.4812
0.3500	-0.3897	-0.9456	-0.0026	0.1295
0.3505	0.0071	-0.7562	-0.0051	-0.4345
0.3510	-0.1700	-0.6137	-0.0027	-0.9600
0.3515	-0.0043	-0.5152	-0.0031	-1.2960
0.3520	-0.0944	-0.4252	-0.0038	-1.3128
0.3525	0.0065	-0.3500	-0.0051	-1.0223
0.3530	-0.0481	-0.2883	-0.0055	-0.4964
0.3535	0.0198	-0.2273	-0.0059	0.0881
0.3540	-0.0157	-0.1833	-0.0060	0.5714
0.3545	0.0316	-0.1398	-0.0032	0.8120
0.3550	0.0070	-0.1026	-0.0046	0.7532
0.3555	0.0389	-0.0827	-0.0047	0.4037
0.3560	0.0187	-0.0696	-0.0041	-0.1165
0.3565	0.0384	-0.0642	-0.0038	-0.6333
0.3570	0.0227	-0.0682	-0.0396	-0.9941
0.3575	0.0350	-0.0681	-0.0260	-1.1048
0.3580	0.0249	-0.0681	-0.0071	-0.9221
0.3585	0.0340	-0.0666	-0.0089	-0.4936
0.3590	0.0289	-0.0530	-0.0030	0.0304
0.3595	0.0373	-0.0468	-0.0055	0.4955
0.3600	0.0350	-0.0308	-0.0071	0.7728
0.3605	0.0409	-0.0174	-0.0077	0.7904
0.3610	0.0388	-0.0157	-0.0062	0.5485
0.3615	0.0416	-0.0164	-0.0080	0.1288
0.3620	0.0378	-0.0241	-0.0051	-0.3305
0.3625	0.0391	-0.0327	-0.0046	-0.7030
0.3630	0.0348	-0.0332	-0.0030	-0.8462
0.3635	0.0372	-0.0401	-0.0059	-0.7455
0.3640	0.0332	-0.0373	-0.0019	-0.4121
0.3645	0.0385	-0.0387	-0.0049	0.0271
0.3650	0.0346	-0.0297	-0.0057	0.4481
0.3655	0.0430	-0.0215	-0.0076	0.7252
0.3660	0.0367	-0.0190	-0.0082	0.7805
0.3665	0.0472	-0.0125	-0.0075	0.6040
0.3670	0.0344	-0.0121	-0.0084	0.2385
0.3675	0.0487	-0.0159	-0.0080	-0.1909
0.3680	0.0290	-0.0227	-0.0076	-0.5523
0.3685	0.0490	-0.0329	-0.0105	-0.7411
0.3690	0.0220	-0.0338	-0.0105	-0.7129
0.3695	0.0539	-0.0345	-0.0095	-0.4802
0.3700	0.0155	-0.0338	-0.0099	-0.1080
0.3705	0.0624	-0.0319	-0.0142	0.2622
0.3710	0.0082	-0.0189	-0.0107	0.5395
0.3715	0.0775	-0.0189	-0.0135	0.6250
0.3720	-0.0054	-0.0132	-0.0105	0.5155
0.3725	0.1008	-0.0204	-0.0195	0.2128
0.3730	-0.0403	-0.0151	-0.0100	-0.1587
0.3735	0.1611	-0.0277	-0.0364	-0.4975
0.3740	-0.1877	-0.0217	-0.0475	-0.6968
0.3745	1.6120	-0.1056	-0.0170	-0.7021
0.3750	2.8854	-0.3704	-0.0145	-0.3858
0.3755	2.4979	-0.5344	-0.0098	0.1655
0.3760	2.6815	-0.6420	-0.0105	0.7232
0.3765	2.5219	-0.7166	-0.0111	1.1084
0.3770	2.6108	-0.8063	-0.0119	1.2035
0.3775	2.5058	-0.8966	-0.0100	0.9899
0.3780	2.5574	-0.9784	-0.0116	0.5335
0.3785	2.4882	-1.0425	-0.0101	-0.0293
0.3790	2.5222	-1.0929	-0.0091	-0.5209
0.3795	2.4756	-1.1333	-0.0108	-0.8073
0.3800	2.5001	-1.1720	-0.0092	-0.8031
0.3805	2.4672	-1.2016	-0.0116	-0.5295
0.3810	2.4853	-1.2117	-0.0101	-0.0689
0.3815	2.4662	-1.2222	-0.0090	0.4241
0.3820	2.4796	-1.2324	-0.0118	0.8045
0.3825	2.4660	-1.2355	-0.0167	0.9598
0.3830	2.4740	-1.2489	-0.0138	0.8229
0.3835	2.4622	-1.2619	-0.0135	0.4459
0.3840	2.4654	-1.2798	-0.0114	-0.0512
0.3845	2.4593	-1.2822	-0.0127	-0.4961
0.3850	2.4647	-1.2813	-0.0139	-0.7681
0.3855	2.4562	-1.2987	-0.0114	-0.7926
0.3860	2.4586	-1.2996	-0.0115	-0.5761
0.3865	2.4555	-1.3031	-0.0130	-0.1875
0.3870	2.4586	-1.3016	-0.0142	0.2203
0.3875	2.4590	-1.2908	-0.0106	0.5558
0.3880	2.4630	-1.2826	-0.0129	0.6858
0.3885	2.4611	-1.2773	-0.0159	0.5934
0.3890	2.4648	-1.2728	-0.0164	0.2620
0.3895	2.4578	-1.2918	-0.0090	-0.1507
0.3900	2.4619	-1.2968	-0.0186	-0.5285
0.3905	2.4535	-1.3041	-0.0570	-0.7588
0.3910	2.4581	-1.3239	-0.0300	-0.7697
0.3915	2.4471	-1.3254	-0.0112	-0.5644
0.3920	2.4594	-1.3215	-0.0119	-0.2150
0.3925	2.4449	-1.3207	-0.0157	0.1582
0.3930	2.4662	-1.3122	-0.0134	0.4749
0.3935	2.4459	-1.2999	-0.0107	0.5893
0.3940	2.4733	-1.2949	-0.0074	0.5091
0.3945	2.4414	-1.2961	-0.0129	0.2531
0.3950	2.4797	-1.3007	-0.0113	-0.0857
0.3955	2.4306	-1.3078	-0.0082	-0.4113
0.3960	2.4848	-1.3191	-0.0114	-0.6039
0.3965	2.4145	-1.3287	-0.0089	-0.6103
0.3970	2.4976	-1.3365	-0.0107	-0.4378
0.3975	2.3906	-1.3295	-0.0074	-0.1365
0.3980	2.5349	-1.3280	-0.0085	0.1878
0.3985	2.3317	-1.3069	-0.0108	0.4446
0.3990	2.6841	-1.3200	-0.0151	0.5598
0.3995	0.9093	-1.2387	-0.0088	0.4899
0.4000	-0.3891	-0.9444	-0.0094	0.1214
0.4005	0.0080	-0.7543	-0.0139	-0.4434
0.4010	-0.1702	-0.6111	-0.0108	-0.9752
0.4015	-0.0045	-0.5095	-0.0085	-1.3049
0.4020	-0.0943	-0.4286	-0.0091	-1.3197
0.4025	0.0068	-0.3511	-0.0115	-1.0282
0.4030	-0.0479	-0.2810	-0.0135	-0.4941
0.4035	0.0214	-0.2276	-0.0097	0.0971
0.4040	-0.0149	-0.1751	-0.0108	0.5817
0.4045	0.0329	-0.1394	-0.0123	0.8263
0.4050	0.0079	-0.1001	-0.0177	0.7607
0.4055	0.0393	-0.0772	-0.0086	0.4001
0.4060	0.0195	-0.0688	-0.0108	-0.1108
0.4065	0.0385	-0.0655	-0.0105	-0.6488
0.4070	0.0224	-0.0624	-0.0454	-1.0050
0.4075	0.0351	-0.0676	-0.0372	-1.1065
0.4080	0.0247	-0.0637	-0.0096	-0.9115
0.4085	0.0348	-0.0636	-0.0122	-0.4850
0.4090	0.0294	-0.0541	-0.0126	0.0349
0.4095	0.0373	-0.0394	-0.0140	0.5010
0.4100	0.0351	-0.0326	-0.0079	0.7876
0.4105	0.0411	-0.0183	-0.0130	0.7964
0.4110	0.0385	-0.0166	-0.0133	0.5452
0.4115	0.0417	-0.0181	-0.0115	0.1198
0.4120	0.0382	-0.0230	-0.0071	-0.3479
0.4125	0.0387	-0.0288	-0.0117	-0.7080
0.4130	0.0345	-0.0350	-0.0111	-0.8512
0.4135	0.0374	-0.0405	-0.0077	-0.7343
0.4140	0.0333	-0.0346	-0.0053	-0.4130
0.4145	0.0381	-0.0399	-0.0114	0.0356
0.4150	0.0352	-0.0322	-0.0115	0.4570
0.4155	0.0432	-0.0197	-0.0113	0.7352
0.4160	0.0363	-0.0072	-0.0114	0.7893
0.4165	0.0474	-0.0114	-0.0134	0.6064
0.4170	0.0347	-0.0114	-0.0135	0.2403
0.4175	0.0484	-0.0162	-0.0123	-0.1902
0.4180	0.0283	-0.0243	-0.0080	-0.5585
0.4185	0.0490	-0.0303	-0.0158	-0.7516
0.4190	0.0218	-0.0318	-0.0139	-0.7135
0.4195	0.0538	-0.0360	-0.0110	-0.4772
0.4200	0.0160	-0.0318	-0.0087	-0.1037
0.4205	0.0624	-0.0307	-0.0149	0.2690
0.4210	0.0084	-0.0179	-0.0162	0.5427
0.4215	0.0778	-0.0136	-0.0170	0.6248
0.4220	-0.0057	-0.0101	-0.0123	0.5091
0.4225	0.1009	-0.0153	-0.0177	0.2119
0.4230	-0.0411	-0.0168	-0.0140	-0.1651
0.4235	0.1606	-0.0277	-0.0309	-0.5035
0.4240	-0.1875	-0.0210	-0.0461	-0.6979
0.4245	1.6137	-0.1045	-0.0199	-0.6975
0.4250	2.8864	-0.3681	-0.0183	-0.3848
0.4255	2.4993	-0.5306	-0.0104	0.1628
0.4260	2.6822	-0.6356	-0.0120	0.7253
0.4265	2.5229	-0.7124	-0.0130	1.1046
0.4270	2.6112	-0.8043	-0.0149	1.2043
0.4275	2.5060	-0.8985	-0.0099	0.9950
0.4280	2.5577	-0.9787	-0.0088	0.5356
0.4285	2.4884	-1.0397	-0.0107	-0.0305
0.4290	2.5230	-1.0971	-0.0129	-0.5186
0.4295	2.4762	-1.1314	-0.0087	-0.8064
0.4300	2.5006	-1.1676	-0.0073	-0.8094
0.4305	2.4679	-1.1954	-0.0115	-0.5324
0.4310	2.4863	-1.2164	-0.0135	-0.0811
0.4315	2.4668	-1.2234	-0.0078	0.4235
0.4320	2.4799	-1.2312	-0.0098	0.8056
0.4325	2.4663	-1.2368	-0.0149	0.9703
0.4330	2.4737	-1.2483	-0.0144	0.8333
0.4335	2.4621	-1.2611	-0.0118	0.4592
0.4340	2.4651	-1.2815	-0.0102	-0.0440
0.4345	2.4592	-1.2816	-0.0118	-0.4869
0.4350	2.4641	-1.2851	-0.0144	-0.7732
0.4355	2.4562	-1.3038	-0.0097	-0.7930
0.4360	2.4584	-1.3025	-0.0056	-0.5863
0.4365	2.4554	-1.3037	-0.0136	-0.2039
0.4370	2.4583	-1.3009	-0.0144	0.2164
0.4375	2.4581	-1.2949	-0.0101	0.5513
0.4380	2.4624	-1.2870	-0.0100	0.6952
0.4385	2.4604	-1.2829	-0.0155	0.6002
0.4390	2.4641	-1.2823	-0.0174	0.2864
0.4395	2.4566	-1.2938	-0.0086	-0.1453
0.4400	2.4610	-1.2981	-0.0118	-0.5188
0.4405	2.4531	-1.3048	-0.0515	-0.7539
0.4410	2.4586	-1.3160	-0.0290	-0.7740
0.4415	2.4468	-1.3249	-0.0115	-0.5774
0.4420	2.4598	-1.3260	-0.0078	-0.2336
0.4425	2.4445	-1.3232	-0.0090	0.1530
0.4430	2.4657	-1.3119	-0.0120	0.4576
0.4435	2.4452	-1.3020	-0.0065	0.5914
0.4440	2.4728	-1.3005	-0.0062	0.5304
0.4445	2.4412	-1.2952	-0.0090	0.2819
0.4450	2.4800	-1.2957	-0.0083	-0.0708
0.4455	2.4313	-1.3047	-0.0065	-0.4051
0.4460	2.4855	-1.3152	-0.0056	-0.6052
0.4465	2.4146	-1.3262	-0.0063	-0.6299
0.4470	2.4980	-1.3347	-0.0086	-0.4567
0.4475	2.3907	-1.3293	-0.0048	-0.1514
0.4480	2.5343	-1.3292	-0.0023	0.1833
0.4485	2.3321	-1.3079	-0.0056	0.4485
0.4490	2.6840	-1.3169	-0.0102	0.5657
0.4495	0.9076	-1.2310	-0.0086	0.5024
0.4500	-0.3885	-0.9439	-0.0019	0.1358
0.4505	0.0081	-0.7509	-0.0079	-0.4381
0.4510	-0.1691	-0.6113	-0.0079	-0.9784
0.4515	-0.0042	-0.5137	-0.0049	-1.3123
0.4520	-0.0943	-0.4189	-0.0023	-1.3378
0.4525	0.0071	-0.3513	-0.0053	-1.0355
0.4530	-0.0477	-0.2841	-0.0097	-0.5005
0.4535	0.0213	-0.2222	-0.0066	0.1012
0.4540	-0.0147	-0.1726	-0.0048	0.5923
0.4545	0.0327	-0.1335	-0.0080	0.8416
0.4550	0.0079	-0.0978	-0.0120	0.7698
0.4555	0.0397	-0.0745	-0.0024	0.4200
0.4560	0.0192	-0.0684	-0.0012	-0.1096
0.4565	0.0385	-0.0655	0.0009	-0.6427
0.4570	0.0227	-0.0649	-0.0392	-1.0036
0.4575	0.0346	-0.0661	-0.0346	-1.1137
0.4580	0.0250	-0.0658	-0.0033	-0.9282
0.4585	0.0341	-0.0646	-0.0069	-0.4997
0.4590	0.0292	-0.0540	-0.0063	0.0303
0.4595	0.0374	-0.0455	-0.0061	0.5036
0.4600	0.0350	-0.0313	-0.0009	0.7884
0.4605	0.0414	-0.0206	-0.0070	0.8095
0.4610	0.0387	-0.0165	-0.0104	0.5596
0.4615	0.0417	-0.0179	-0.0049	0.1275
0.4620	0.0378	-0.0187	0.0003	-0.3420
0.4625	0.0386	-0.0271	-0.0019	-0.7007
0.4630	0.0345	-0.0332	-0.0068	-0.8531
0.4635	0.0374	-0.0401	-0.0027	-0.7512
0.4640	0.0334	-0.0367	0.0033	-0.4208
0.4645	0.0385	-0.0354	-0.0031	0.0324
0.4650	0.0349	-0.0309	-0.0066	0.4599
0.4655	0.0432	-0.0194	-0.0025	0.7432
0.4660	0.0362	-0.0139	-0.0020	0.8032
0.4665	0.0470	-0.0090	-0.0041	0.6195
0.4670	0.0344	-0.0138	-0.0082	0.2466
0.4675	0.0486	-0.0156	-0.0050	-0.1918
0.4680	0.0285	-0.0269	-0.0011	-0.5554
0.4685	0.0493	-0.0262	-0.0047	-0.7567
0.4690	0.0218	-0.0373	-0.0070	-0.7251
0.4695	0.0535	-0.0374	-0.0021	-0.4853
0.4700	0.0158	-0.0326	0.0009	-0.1130
0.4705	0.0628	-0.0293	-0.0059	0.2673
0.4710	0.0089	-0.0195	-0.0047	0.5423
0.4715	0.0783	-0.0187	-0.0080	0.6403
0.4720	-0.0054	-0.0074	-0.0024	0.5190
0.4725	0.1013	-0.0121	-0.0062	0.2200
0.4730	-0.0408	-0.0098	-0.0052	-0.1587
0.4735	0.1609	-0.0288	-0.0208	-0.4976
0.4740	-0.1874	-0.0176	-0.0373	-0.6971
0.4745	1.6146	-0.1089	-0.0107	-0.7050
0.4750	2.8853	-0.3663	-0.0087	-0.3955
0.4755	2.4994	-0.5309	-0.0038	0.1592
0.4760	2.6819	-0.6322	-0.0013	0.7204
0.4765	2.5230	-0.7170	-0.0015	1.1114
0.4770	2.6109	-0.8058	-0.0067	1.2087
0.4775	2.5058	-0.8968	-0.0019	1.0017
0.4780	2.5578	-0.9794	0.0003	0.5598
0.4785	2.4884	-1.0452	0.0002	-0.0208
0.4790	2.5226	-1.0968	-0.0028	-0.5306
0.4795	2.4764	-1.1300	-0.0016	-0.8010
0.4800	2.5008	-1.1699	0.0014	-0.8141
0.4805	2.4682	-1.1974	-0.0003	-0.5435
0.4810	2.4874	-1.2024	-0.0059	-0.0852
0.4815	2.4678	-1.2131	-0.0012	0.4080
0.4820	2.4811	-1.2261	-0.0001	0.8005
0.4825	2.4670	-1.2295	-0.0050	0.9570
0.4830	2.4750	-1.2396	-0.0049	0.8433
0.4835	2.4629	-1.2549	-0.0040	0.4693
0.4840	2.4666	-1.2754	-0.0012	-0.0247
0.4845	2.4596	-1.2792	0.0025	-0.4749
0.4850	2.4646	-1.2820	-0.0033	-0.7582
0.4855	2.4569	-1.2956	-0.0000	-0.7946
0.4860	2.4591	-1.3077	0.0024	-0.5895
0.4865	2.4556	-1.3038	-0.0017	-0.2153
0.4870	2.4586	-1.3030	-0.0028	0.2114
0.4875	2.4590	-1.2901	-0.0021	0.5463
0.4880	2.4629	-1.2782	-0.0011	0.6865
0.4885	2.4608	-1.2781	-0.0029	0.5997
0.4890	2.4645	-1.2774	-0.0043	0.2858
0.4895	2.4576	-1.2952	-0.0010	-0.1362
0.4900	2.4616	-1.2975	0.0013	-0.5145
0.4905	2.4538	-1.2997	-0.0387	-0.7491
0.4910	2.4588	-1.3176	-0.0200	-0.7687
0.4915	2.4472	-1.3267	0.0011	-0.5697
0.4920	2.4599	-1.3211	0.0000	-0.2303
0.4925	2.4452	-1.3205	0.0008	0.1504
0.4930	2.4667	-1.3078	-0.0020	0.4505
0.4935	2.4465	-1.2985	0.0027	0.5887
0.4940	2.4738	-1.2928	0.0032	0.5162
0.4945	2.4419	-1.2876	-0.0016	0.2769
0.4950	2.4810	-1.2949	0.0016	-0.0738
0.4955	2.4318	-1.3047	0.0071	-0.4021
0.4960	2.4861	-1.3127	0.0053	-0.5937
0.4965	2.4152	-1.3238	0.0058	-0.6165
0.4970	2.4988	-1.3351	0.0018	-0.4500
0.4975	2.3910	-1.3278	0.0077	-0.1475
0.4980	2.5350	-1.3284	0.0055	0.1761
0.4985	2.3320	-1.3086	0.0040	0.4385
0.4990	2.6836	-1.3189	0.0006	0.5477
0.4995	0.9047	-1.2380	0.0035	0.4853
0.5000	-0.3891	-0.9406	0.0054	0.1316
0.5005	0.0074	-0.7514	0.0005	-0.4335
0.5010	-0.1693	-0.6130	0.0023	-0.9711
0.5015	-0.0041	-0.5144	0.0042	-1.3015
0.5020	-0.0943	-0.4247	0.0072	-1.3219
0.5025	0.0067	-0.3514	0.0007	-1.0303
0.5030	-0.0485	-0.2825	-0.0005	-0.4968
0.5035	0.0208	-0.2221	0.0052	0.0947
0.5040	-0.0156	-0.1790	0.0036	0.5802
0.5045	0.0325	-0.1362	0.0018	0.8268
0.5050	0.0072	-0.1017	-0.0006	0.7606
0.5055	0.0394	-0.0798	0.0022	0.4129
0.5060	0.0186	-0.0693	0.0049	-0.1043
0.5065	0.0382	-0.0643	0.0074	-0.6323
0.5070	0.0225	-0.0672	-0.0286	-1.0030
0.5075	0.0344	-0.0741	-0.0269	-1.1079
0.5080	0.0243	-0.0665	0.0067	-0.9250
0.5085	0.0342	-0.0681	0.0037	-0.4963
0.5090	0.0290	-0.0535	0.0027	0.0309
0.5095	0.0373	-0.0435	0.0034	0.4976
0.5100	0.0348	-0.0262	0.0082	0.7770
0.5105	0.0405	-0.0200	0.0018	0.7999
0.5110	0.0386	-0.0190	-0.0010	0.5605
0.5115	0.0412	-0.0183	0.0030	0.1329
0.5120	0.0377	-0.0222	0.0105	-0.3349
0.5125	0.0389	-0.0273	0.0056	-0.6996
0.5130	0.0347	-0.0411	0.0054	-0.8494
0.5135	0.0371	-0.0400	0.0052	-0.7427
0.5140	0.0326	-0.0414	0.0114	-0.4214
0.5145	0.0386	-0.0400	0.0065	0.0234
0.5150	0.0346	-0.0285	0.0019	0.4523
0.5155	0.0431	-0.0259	0.0029	0.7333
0.5160	0.0360	-0.0110	0.0057	0.7892
0.5165	0.0466	-0.0154	0.0057	0.6123
0.5170	0.0346	-0.0107	0.0008	0.2432
0.5175	0.0489	-0.0171	0.0024	-0.1870
0.5180	0.0284	-0.0281	0.0063	-0.5568
0.5185	0.0495	-0.0295	0.0033	-0.7483
0.5190	0.0215	-0.0351	-0.0005	-0.7178
0.5195	0.0537	-0.0363	0.0032	-0.4773
0.5200	0.0153	-0.0323	0.0047	-0.1161
0.5205	0.0621	-0.0307	0.0040	0.2673
0.5210	0.0083	-0.0209	-0.0019	0.5434
0.5215	0.0774	-0.0163	-0.0022	0.6306
0.5220	-0.0056	-0.0095	0.0030	0.5156
0.5225	0.1011	-0.0215	0.0007	0.2184
0.5230	-0.0408	-0.0114	0.0005	-0.1520
0.5235	0.1608	-0.0288	-0.0118	-0.5012
0.5240	-0.1879	-0.0241	-0.0336	-0.6922
0.5245	1.6155	-0.1076	-0.0030	-0.7009
0.5250	2.8852	-0.3718	-0.0016	-0.3872
0.5255	2.4984	-0.5323	0.0013	0.1652
0.5260	2.6810	-0.6396	0.0050	0.7277
0.5265	2.5226	-0.7162	0.0056	1.1068
0.5270	2.6105	-0.8105	-0.0008	1.2111
0.5275	2.5055	-0.9037	0.0009	1.0007
0.5280	2.5576	-0.9811	0.0057	0.5433
0.5285	2.4876	-1.0383	0.0060	-0.0258
0.5290	2.5226	-1.0965	0.0033	-0.5207
0.5295	2.4761	-1.1378	0.0028	-0.8047
0.5300	2.5000	-1.1693	0.0038	-0.8103
0.5305	2.4681	-1.1989	0.0071	-0.5401
0.5310	2.4864	-1.2135	0.0018	-0.0783
0.5315	2.4671	-1.2198	-0.0009	0.4196
0.5320	2.4812	-1.2241	0.0012	0.8039
0.5325	2.4667	-1.2325	0.0014	0.9652
0.5330	2.4745	-1.2431	0.0001	0.8353
0.5335	2.4624	-1.2643	-0.0037	0.4649
0.5340	2.4661	-1.2764	0.0011	-0.0393
0.5345	2.4596	-1.2807	0.0049	-0.4833
0.5350	2.4646	-1.2746	0.0016	-0.7576
0.5355	2.4572	-1.2915	0.0035	-0.8007
0.5360	2.4588	-1.3036	0.0045	-0.5918
0.5365	2.4564	-1.3060	0.0023	-0.2119
0.5370	2.4584	-1.3016	0.0032	0.2206
0.5375	2.4585	-1.2893	0.0003	0.5567
0.5380	2.4628	-1.2840	-0.0002	0.6950
0.5385	2.4605	-1.2786	0.0007	0.5990
0.5390	2.4642	-1.2798	0.0014	0.2854
0.5395	2.4569	-1.2946	-0.0009	-0.1414
0.5400	2.4622	-1.2925	0.0044	-0.5215
0.5405	2.4536	-1.3045	-0.0323	-0.7542
0.5410	2.4586	-1.3136	-0.0184	-0.7726
0.5415	2.4478	-1.3214	0.0021	-0.5754
0.5420	2.4603	-1.3195	-0.0003	-0.2394
0.5425	2.4462	-1.3169	0.0046	0.1484
0.5430	2.4672	-1.3074	0.0020	0.4589
0.5435	2.4464	-1.2943	0.0047	0.5974
0.5440	2.4739	-1.2963	0.0015	0.5241
0.5445	2.4417	-1.2937	0.0024	0.2774
0.5450	2.4807	-1.2889	0.0042	-0.0723
0.5455	2.4312	-1.3094	0.0074	-0.3947
0.5460	2.4850	-1.3183	0.0032	-0.6049
0.5465	2.4146	-1.3251	0.0057	-0.6223
0.5470	2.4980	-1.3330	0.0054	-0.4529
0.5475	2.3909	-1.3273	0.0093	-0.1547
0.5480	2.5343	-1.3270	0.0052	0.1764
0.5485	2.3321	-1.3022	0.0037	0.4396
0.5490	2.6833	-1.3179	0.0009	0.5514
0.5495	0.9024	-1.2345	0.0057	0.4922
0.5500	-0.3885	-0.9420	0.0007	0.1419
0.5505	0.0071	-0.7545	0.0012	-0.4300
0.5510	-0.1699	-0.6152	0.0027	-0.9698
0.5515	-0.0046	-0.5159	0.0028	-1.3084
0.5520	-0.0943	-0.4282	0.0022	-1.3287
0.5525	0.0067	-0.3525	-0.0006	-1.0395
0.5530	-0.0480	-0.2830	0.0006	-0.5114
0.5535	0.0206	-0.2295	0.0038	0.0851
0.5540	-0.0154	-0.1772	-0.0020	0.5745
0.5545	0.0319	-0.1378	0.0004	0.8286
0.5550	0.0074	-0.1007	-0.0014	0.7669
0.5555	0.0392	-0.0760	0.0022	0.4188
0.5560	0.0190	-0.0671	0.0005	-0.1028
0.5565	0.0379	-0.0644	0.0030	-0.6368
0.5570	0.0219	-0.0686	-0.0215	-1.0017
0.5575	0.0342	-0.0678	-0.0344	-1.1136
0.5580	0.0247	-0.0730	-0.0040	-0.9295
0.5585	0.0343	-0.0649	-0.0017	-0.5059
0.5590	0.0286	-0.0526	0.0036	0.0214
0.5595	0.0371	-0.0428	-0.0009	0.4925
0.5600	0.0349	-0.0300	0.0029	0.7790
0.5605	0.0408	-0.0222	-0.0011	0.7965
0.5610	0.0389	-0.0134	-0.0006	0.5667
0.5615	0.0414	-0.0188	-0.0012	0.1372
0.5620	0.0383	-0.0243	0.0009	-0.3351
0.5625	0.0384	-0.0322	0.0015	-0.6988
0.5630	0.0346	-0.0373	0.0015	-0.8573
0.5635	0.0371	-0.0371	0.0018	-0.7587
0.5640	0.0330	-0.0399	0.0041	-0.4247
0.5645	0.0383	-0.0382	0.0033	0.0271
0.5650	0.0346	-0.0353	-0.0007	0.4442
0.5655	0.0432	-0.0193	0.0003	0.7374
0.5660	0.0361	-0.0145	0.0003	0.7975
0.5665	0.0471	-0.0097	-0.0010	0.6088
0.5670	0.0343	-0.0118	-0.0012	0.2466
0.5675	0.0490	-0.0192	-0.0035	-0.1860
0.5680	0.0292	-0.0243	-0.0000	-0.5587
0.5685	0.0488	-0.0320	0.0005	-0.7519
0.5690	0.0216	-0.0298	-0.0014	-0.7261
0.5695	0.0536	-0.0413	-0.0043	-0.4935
0.5700	0.0157	-0.0308	-0.0006	-0.1205
0.5705	0.0624	-0.0288	-0.0047	0.2628
0.5710	0.0084	-0.0202	-0.0056	0.5379
0.5715	0.0773	-0.0164	-0.0080	0.6284
0.5720	-0.0057	-0.0115	-0.0023	0.5143
0.5725	0.1008	-0.0177	-0.0085	0.2165
0.5730	-0.0410	-0.0124	-0.0057	-0.1607
0.5735	0.1612	-0.0305	-0.0126	-0.4977
0.5740	-0.1876	-0.0174	-0.0417	-0.6994
0.5745	1.6166	-0.1068	-0.0173	-0.7014
0.5750	2.8852	-0.3739	-0.0083	-0.3938
0.5755	2.4984	-0.5355	-0.0050	0.1613
0.5760	2.6806	-0.6390	-0.0032	0.7225
0.5765	2.5222	-0.7183	-0.0033	1.1114
0.5770	2.6103	-0.8100	-0.0066	1.2146
0.5775	2.5053	-0.9023	-0.0048	1.0030
0.5780	2.5567	-0.9814	-0.0043	0.5456
0.5785	2.4878	-1.0436	-0.0031	-0.0134
0.5790	2.5220	-1.0991	-0.0033	-0.5144
0.5795	2.4763	-1.1365	-0.0025	-0.8104
0.5800	2.5000	-1.1738	-0.0044	-0.8163
0.5805	2.4681	-1.1928	-0.0054	-0.5392
0.5810	2.4860	-1.2142	-0.0052	-0.0869
0.5815	2.4665	-1.2185	-0.0053	0.4175
0.5820	2.4809	-1.2286	-0.0082	0.8045
0.5825	2.4663	-1.2358	-0.0089	0.9622
0.5830	2.4743	-1.2461	-0.0063	0.8396
0.5835	2.4624	-1.2623	-0.0087	0.4651
0.5840	2.4655	-1.2803	-0.0065	-0.0338
0.5845	2.4595	-1.2805	-0.0057	-0.4853
0.5850	2.4649	-1.2785	-0.0041	-0.7755
0.5855	2.4571	-1.2986	-0.0059	-0.8044
0.5860	2.4591	-1.3036	-0.0053	-0.5987
0.5865	2.4560	-1.3013	-0.0055	-0.2090
0.5870	2.4587	-1.3027	-0.0072	0.2167
0.5875	2.4589	-1.2899	-0.0086	0.5524
0.5880	2.4634	-1.2810	-0.0086	0.6934
0.5885	2.4616	-1.2786	-0.0085	0.5985
0.5890	2.4646	-1.2769	-0.0072	0.2815
0.5895	2.4573	-1.2908	-0.0097	-0.1447
0.5900	2.4623	-1.2915	-0.0044	-0.5166
0.5905	2.4538	-1.3051	-0.0430	-0.7568
0.5910	2.4590	-1.3157	-0.0330	-0.7728
0.5915	2.4483	-1.3197	-0.0113	-0.5807
0.5920	2.4604	-1.3163	-0.0094	-0.2341
0.5925	2.4456	-1.3192	-0.0057	0.1522
0.5930	2.4673	-1.3055	-0.0085	0.4543
0.5935	2.4466	-1.2950	-0.0066	0.5963
0.5940	2.4741	-1.2941	-0.0070	0.5251
0.5945	2.4423	-1.2903	-0.0044	0.2797
0.5950	2.4809	-1.2919	-0.0065	-0.0729
0.5955	2.4316	-1.3039	-0.0066	-0.3977
0.5960	2.4859	-1.3154	-0.0051	-0.6025
0.5965	2.4152	-1.3295	-0.0030	-0.6183
0.5970	2.4991	-1.3285	-0.0066	-0.4582
0.5975	2.3920	-1.3253	-0.0047	-0.1525
0.5980	2.5347	-1.3230	-0.0048	0.1775
0.5985	2.3333	-1.3040	-0.0061	0.4360
0.5990	2.6841	-1.3167	-0.0063	0.5499
0.5995	0.9002	-1.2317	-0.0083	0.4928
0.6000	-0.3874	-0.9427	-0.0065	0.1359
0.6005	0.0076	-0.7504	-0.0099	-0.4254
0.6010	-0.1689	-0.6113	-0.0079	-0.9639
0.6015	-0.0042	-0.5082	-0.0066	-1.2967
0.6020	-0.0936	-0.4243	-0.0066	-1.3232
0.6025	0.0070	-0.3489	-0.0088	-1.0319
0.6030	-0.0476	-0.2791	-0.0096	-0.5055
0.6035	0.0209	-0.2262	-0.0074	0.0854
0.6040	-0.0150	-0.1759	-0.0121	0.5732
0.6045	0.0319	-0.1373	-0.0104	0.8238
0.6050	0.0072	-0.1080	-0.0102	0.7733
0.6055	0.0389	-0.0810	-0.0074	0.4193
0.6060	0.0190	-0.0730	-0.0099	-0.1020
0.6065	0.0380	-0.0650	-0.0076	-0.6273
0.6070	0.0221	-0.0714	-0.0309	-0.9951
0.6075	0.0343	-0.0711	-0.0450	-1.1055
0.6080	0.0245	-0.0710	-0.0145	-0.9285
0.6085	0.0338	-0.0664	-0.0141	-0.4986
0.6090	0.0287	-0.0528	-0.0070	0.0293
0.6095	0.0371	-0.0410	-0.0105	0.4942
0.6100	0.0347	-0.0281	-0.0084	0.7755
0.6105	0.0407	-0.0192	-0.0112	0.7911
0.6110	0.0386	-0.0186	-0.0112	0.5691
0.6115	0.0414	-0.0190	-0.0111	0.1369
0.6120	0.0375	-0.0225	-0.0075	-0.3271
0.6125	0.0387	-0.0284	-0.0110	-0.6858
0.6130	0.0347	-0.0367	-0.0067	-0.8457
0.6135	0.0371	-0.0379	-0.0053	-0.7456
0.6140	0.0333	-0.0397	-0.0076	-0.4245
0.6145	0.0382	-0.0319	-0.0097	0.0197
0.6150	0.0348	-0.0282	-0.0091	0.4440
0.6155	0.0431	-0.0270	-0.0075	0.7282
0.6160	0.0365	-0.0159	-0.0113	0.7891
0.6165	0.0470	-0.0090	-0.0125	0.6153
0.6170	0.0344	-0.0096	-0.0112	0.2551
0.6175	0.0485	-0.0178	-0.0083	-0.1804
0.6180	0.0289	-0.0241	-0.0101	-0.5466
0.6185	0.0492	-0.0304	-0.0135	-0.7478
0.6190	0.0213	-0.0379	-0.0109	-0.7171
0.6195	0.0537	-0.0359	-0.0086	-0.4897
0.6200	0.0159	-0.0354	-0.0100	-0.1171
0.6205	0.0630	-0.0304	-0.0156	0.2587
0.6210	0.0085	-0.0182	-0.0125	0.5392
0.6215	0.0780	-0.0209	-0.0135	0.6277
0.6220	-0.0058	-0.0133	-0.0112	0.5139
0.6225	0.1016	-0.0186	-0.0173	0.2234
0.6230	-0.0408	-0.0160	-0.0142	-0.1531
0.6235	0.1607	-0.0315	-0.0162	-0.4875
0.6240	-0.1877	-0.0184	-0.0506	-0.6976
0.6245	1.6179	-0.1060	-0.0292	-0.7007
0.6250	2.8853	-0.3710	-0.0179	-0.3842
0.6255	2.4988	-0.5348	-0.0118	0.1575
0.6260	2.6814	-0.6415	-0.0093	0.7160
0.6265	2.5224	-0.7181	-0.0164	1.1119
0.6270	2.6105	-0.8080	-0.0161	1.2049
0.6275	2.5056	-0.9004	-0.0112	0.9975
0.6280	2.5571	-0.9772	-0.0094	0.5527
0.6285	2.4879	-1.0416	-0.0133	-0.0214
0.6290	2.5219	-1.0971	-0.0104	-0.5166
0.6295	2.4764	-1.1330	-0.0097	-0.8065
0.6300	2.5005	-1.1709	-0.0099	-0.8174
0.6305	2.4679	-1.1966	-0.0143	-0.5435
0.6310	2.4862	-1.2147	-0.0162	-0.0860
0.6315	2.4673	-1.2172	-0.0113	0.4146
0.6320	2.4812	-1.2226	-0.0111	0.7974
0.6325	2.4667	-1.2345	-0.0171	0.9548
0.6330	2.4748	-1.2407	-0.0162	0.8369
0.6335	2.4623	-1.2590	-0.0150	0.4679
0.6340	2.4661	-1.2758	-0.0099	-0.0380
0.6345	2.4596	-1.2818	-0.0149	-0.4806
0.6350	2.4653	-1.2790	-0.0181	-0.7563
0.6355	2.4571	-1.2950	-0.0094	-0.7986
0.6360	2.4597	-1.2993	-0.0083	-0.5927
0.6365	2.4563	-1.3041	-0.0153	-0.2131
0.6370	2.4587	-1.3025	-0.0150	0.2096
0.6375	2.4585	-1.2933	-0.0124	0.5426
0.6380	2.4634	-1.2856	-0.0107	0.6863
0.6385	2.4609	-1.2748	-0.0147	0.6019
0.6390	2.4647	-1.2799	-0.0164	0.2856
0.6395	2.4574	-1.2918	-0.0151	-0.1317
0.6400	2.4620	-1.2956	-0.0070	-0.5140
0.6405	2.4544	-1.3004	-0.0446	-0.7539
0.6410	2.4588	-1.3162	-0.0454	-0.7819
0.6415	2.4483	-1.3252	-0.0135	-0.5844
0.6420	2.4604	-1.3246	-0.0123	-0.2380
0.6425	2.4459	-1.3172	-0.0118	0.1448
0.6430	2.4674	-1.3043	-0.0165	0.4527
0.6435	2.4468	-1.2927	-0.0116	0.5879
0.6440	2.4739	-1.2923	-0.0082	0.5235
0.6445	2.4428	-1.2875	-0.0093	0.2791
0.6450	2.4807	-1.2915	-0.0133	-0.0699
0.6455	2.4320	-1.3027	-0.0088	-0.3998
0.6460	2.4865	-1.3135	-0.0086	-0.6065
0.6465	2.4156	-1.3209	-0.0095	-0.6249
0.6470	2.4991	-1.3303	-0.0118	-0.4511
0.6475	2.3916	-1.3237	-0.0058	-0.1587
0.6480	2.5348	-1.3274	-0.0080	0.1698
0.6485	2.3334	-1.3054	-0.0077	0.4405
0.6490	2.6838	-1.3144	-0.0130	0.5518
0.6495	0.8984	-1.2289	-0.0124	0.4932
0.6500	-0.3871	-0.9375	-0.0082	0.1397
0.6505	0.0082	-0.7543	-0.0121	-0.4310
0.6510	-0.1691	-0.6091	-0.0152	-0.9637
0.6515	-0.0041	-0.5109	-0.0108	-1.3087
0.6520	-0.0936	-0.4176	-0.0091	-1.3277
0.6525	0.0071	-0.3510	-0.0093	-1.0318
0.6530	-0.0475	-0.2853	-0.0149	-0.5065
0.6535	0.0209	-0.2298	-0.0106	0.0966
0.6540	-0.0147	-0.1732	-0.0109	0.5796
0.6545	0.0325	-0.1393	-0.0121	0.8290
0.6550	0.0074	-0.1039	-0.0138	0.7694
0.6555	0.0393	-0.0829	-0.0109	0.4146
0.6560	0.0191	-0.0693	-0.0079	-0.1048
0.6565	0.0379	-0.0669	-0.0077	-0.6249
0.6570	0.0221	-0.0673	-0.0291	-1.0062
0.6575	0.0342	-0.0689	-0.0463	-1.1077
0.6580	0.0243	-0.0708	-0.0153	-0.9271
0.6585	0.0335	-0.0622	-0.0117	-0.5089
0.6590	0.0286	-0.0568	-0.0107	0.0275
0.6595	0.0369	-0.0419	-0.0118	0.4965
0.6600	0.0345	-0.0358	-0.0080	0.7780
0.6605	0.0410	-0.0243	-0.0110	0.7959
0.6610	0.0392	-0.0156	-0.0146	0.5653
0.6615	0.0414	-0.0194	-0.0096	0.1356
0.6620	0.0380	-0.0244	-0.0073	-0.3315
0.6625	0.0388	-0.0287	-0.0100	-0.6938
0.6630	0.0348	-0.0343	-0.0093	-0.8509
0.6635	0.0374	-0.0373	-0.0062	-0.7532
0.6640	0.0332	-0.0376	-0.0064	-0.4196
0.6645	0.0383	-0.0332	-0.0067	0.0220
0.6650	0.0348	-0.0315	-0.0080	0.4525
0.6655	0.0433	-0.0242	-0.0093	0.7321
0.6660	0.0366	-0.0174	-0.0080	0.7910
0.6665	0.0473	-0.0082	-0.0111	0.6188
0.6670	0.0345	-0.0138	-0.0096	0.2493
0.6675	0.0489	-0.0175	-0.0094	-0.1830
0.6680	0.0287	-0.0244	-0.0070	-0.5566
0.6685	0.0494	-0.0342	-0.0115	-0.7486
0.6690	0.0225	-0.0346	-0.0130	-0.7267
0.6695	0.0529	-0.0379	-0.0058	-0.4902
0.6700	0.0159	-0.0362	-0.0120	-0.1224
0.6705	0.0622	-0.0314	-0.0123	0.2638
0.6710	0.0087	-0.0182	-0.0129	0.5385
0.6715	0.0774	-0.0177	-0.0113	0.6260
0.6720	-0.0057	-0.0092	-0.0096	0.5149
0.6725	0.1009	-0.0171	-0.0131	0.2214
0.6730	-0.0402	-0.0136	-0.0144	-0.1506
0.6735	0.1604	-0.0298	-0.0151	-0.4983
0.6740	-0.1871	-0.0230	-0.0454	-0.6994
0.6745	1.6196	-0.1053	-0.0290	-0.7061
0.6750	2.8855	-0.3721	-0.0129	-0.3957
0.6755	2.4990	-0.5330	-0.0100	0.1557
0.6760	2.6812	-0.6410	-0.0067	0.7173
0.6765	2.5219	-0.7190	-0.0104	1.1074
0.6770	2.6096	-0.8093	-0.0129	1.2123
0.6775	2.5053	-0.9032	-0.0102	1.0000
0.6780	2.5571	-0.9813	-0.0075	0.5513
0.6785	2.4877	-1.0432	-0.0098	-0.0168
0.6790	2.5221	-1.0946	-0.0070	-0.5112
0.6795	2.4759	-1.1301	-0.0052	-0.8078
0.6800	2.4998	-1.1690	-0.0056	-0.8133
0.6805	2.4682	-1.1946	-0.0081	-0.5489
0.6810	2.4865	-1.2189	-0.0082	-0.0801
0.6815	2.4667	-1.2192	-0.0053	0.4201
0.6820	2.4809	-1.2283	-0.0072	0.8069
0.6825	2.4668	-1.2341	-0.0132	0.9665
0.6830	2.4746	-1.2439	-0.0091	0.8441
0.6835	2.4623	-1.2607	-0.0093	0.4678
0.6840	2.4659	-1.2802	-0.0069	-0.0353
0.6845	2.4601	-1.2790	-0.0062	-0.4900
0.6850	2.4650	-1.2746	-0.0120	-0.7699
0.6855	2.4571	-1.2975	-0.0050	-0.8096
0.6860	2.4599	-1.2975	-0.0028	-0.6019
0.6865	2.4558	-1.3034	-0.0094	-0.2169
0.6870	2.4581	-1.3051	-0.0076	0.2099
0.6875	2.4588	-1.2917	-0.0059	0.5529
0.6880	2.4624	-1.2816	-0.0058	0.6997
0.6885	2.4605	-1.2799	-0.0119	0.6063
0.6890	2.4638	-1.2820	-0.0099	0.2915
0.6895	2.4569	-1.2932	-0.0075	-0.1350
0.6900	2.4620	-1.2958	0.0022	-0.5230
0.6905	2.4536	-1.3060	-0.0351	-0.7665
0.6910	2.4588	-1.3139	-0.0380	-0.7859
0.6915	2.4478	-1.3230	-0.0092	-0.5908
0.6920	2.4604	-1.3213	-0.0070	-0.2422
0.6925	2.4454	-1.3211	-0.0044	0.1501
0.6930	2.4650	-1.3134	-0.0097	0.4568
0.6935	2.4455	-1.2984	-0.0020	0.6092
0.6940	2.4728	-1.3002	-0.0015	0.5462
0.6945	2.4410	-1.2975	-0.0064	0.2905
0.6950	2.4799	-1.2939	-0.0058	-0.0634
0.6955	2.4309	-1.3074	0.0011	-0.4079
0.6960	2.4851	-1.3207	-0.0031	-0.6106
0.6965	2.4141	-1.3239	-0.0029	-0.6390
0.6970	2.4976	-1.3385	-0.0052	-0.4686
0.6975	2.3911	-1.3271	0.0014	-0.1639
0.6980	2.5335	-1.3271	0.0001	0.1696
0.6985	2.3327	-1.3043	-0.0035	0.4445
0.6990	2.6833	-1.3175	-0.0052	0.5675
0.6995	0.8953	-1.2295	-0.0038	0.5092
0.7000	-0.3875	-0.9403	-0.0025	0.1503
0.7005	0.0076	-0.7510	-0.0067	-0.4177
0.7010	-0.1692	-0.6101	-0.0048	-0.9723
0.7015	-0.0049	-0.5123	0.0004	-1.3125
0.7020	-0.0942	-0.4242	0.0019	-1.3468
0.7025	0.0064	-0.3482	-0.0048	-1.0526
0.7030	-0.0478	-0.2867	-0.0066	-0.5265
0.7035	0.0210	-0.2251	-0.0003	0.0797
0.7040	-0.0149	-0.1760	-0.0013	0.5797
0.7045	0.0326	-0.1367	-0.0029	0.8328
0.7050	0.0074	-0.1039	-0.0068	0.7710
0.7055	0.0388	-0.0848	-0.0008	0.4272
0.7060	0.0186	-0.0699	-0.0007	-0.0941
0.7065	0.0378	-0.0653	0.0018	-0.6253
0.7070	0.0222	-0.0699	-0.0195	-0.9997
0.7075	0.0341	-0.0675	-0.0403	-1.1176
0.7080	0.0245	-0.0658	-0.0085	-0.9412
0.7085	0.0341	-0.0620	-0.0030	-0.5249
0.7090	0.0287	-0.0523	-0.0043	0.0136
0.7095	0.0372	-0.0432	-0.0006	0.4853
0.7100	0.0349	-0.0285	0.0027	0.7833
0.7105	0.0408	-0.0208	-0.0034	0.8096
0.7110	0.0388	-0.0169	-0.0072	0.5727
0.7115	0.0419	-0.0179	-0.0017	0.1487
0.7120	0.0379	-0.0259	0.0038	-0.3198
0.7125	0.0387	-0.0305	0.0012	-0.6989
0.7130	0.0348	-0.0379	-0.0030	-0.8510
0.7135	0.0370	-0.0379	0.0013	-0.7532
0.7140	0.0333	-0.0414	0.0072	-0.4377
0.7145	0.0387	-0.0384	0.0018	0.0118
0.7150	0.0345	-0.0303	-0.0028	0.4486
0.7155	0.0430	-0.0206	-0.0013	0.7334
0.7160	0.0363	-0.0127	0.0025	0.7993
0.7165	0.0470	-0.0118	-0.0026	0.6260
0.7170	0.0344	-0.0128	-0.0029	0.2596
0.7175	0.0490	-0.0209	-0.0014	-0.1733
0.7180	0.0284	-0.0244	0.0011	-0.5500
0.7185	0.0491	-0.0358	0.0004	-0.7556
0.7190	0.0220	-0.0364	-0.0046	-0.7324
0.7195	0.0537	-0.0339	-0.0016	-0.4950
0.7200	0.0161	-0.0332	0.0023	-0.1302
0.7205	0.0626	-0.0271	-0.0024	0.2579
0.7210	0.0085	-0.0215	-0.0028	0.5351
0.7215	0.0775	-0.0158	-0.0055	0.6332
0.7220	-0.0058	-0.0084	-0.0021	0.5227
0.7225	0.1009	-0.0176	-0.0042	0.2332
0.7230	-0.0403	-0.0100	-0.0073	-0.1462
0.7235	0.1605	-0.0299	-0.0038	-0.4892
0.7240	-0.1869	-0.0197	-0.0363	-0.7011
0.7245	1.6209	-0.1084	-0.0220	-0.7059
0.7250	2.8854	-0.3672	-0.0062	-0.4046
0.7255	2.4993	-0.5258	-0.0046	0.1406
0.7260	2.6816	-0.6334	0.0012	0.7076
0.7265	2.5231	-0.7114	-0.0013	1.0996
0.7270	2.6107	-0.8052	-0.0038	1.2113
0.7275	2.5058	-0.9015	-0.0050	1.0027
0.7280	2.5568	-0.9770	0.0031	0.5596
0.7285	2.4880	-1.0442	0.0001	-0.0045
0.7290	2.5225	-1.0978	-0.0011	-0.5063
0.7295	2.4752	-1.1305	0.0001	-0.7951
0.7300	2.4997	-1.1754	0.0041	-0.8168
0.7305	2.4662	-1.2003	0.0029	-0.5452
0.7310	2.4850	-1.2222	-0.0003	-0.0852
0.7315	2.4653	-1.2230	-0.0006	0.4035
0.7320	2.4800	-1.2318	0.0014	0.7913
0.7325	2.4655	-1.2356	-0.0029	0.9631
0.7330	2.4732	-1.2460	-0.0017	0.8409
0.7335	2.4613	-1.2658	-0.0036	0.4713
0.7340	2.4642	-1.2847	-0.0010	-0.0321
0.7345	2.4571	-1.2922	0.0013	-0.4751
0.7350	2.4633	-1.2889	-0.0017	-0.7539
0.7355	2.4560	-1.3005	0.0008	-0.8035
0.7360	2.4577	-1.3078	0.0025	-0.6002
0.7365	2.4548	-1.3078	-0.0014	-0.2185
0.7370	2.4574	-1.3066	-0.0026	0.2047
0.7375	2.4580	-1.2923	0.0014	0.5443
0.7380	2.4619	-1.2896	-0.0014	0.6813
0.7385	2.4595	-1.2836	-0.0028	0.6022
0.7390	2.4634	-1.2826	-0.0036	0.2906
0.7395	2.4557	-1.2980	-0.0018	-0.1323
0.7400	2.4601	-1.3039	0.0049	-0.5073
0.7405	2.4515	-1.3113	-0.0258	-0.7451
0.7410	2.4575	-1.3291	-0.0352	-0.7684
0.7415	2.4463	-1.3310	-0.0025	-0.5891
0.7420	2.4581	-1.3312	-0.0008	-0.2388
0.7425	2.4435	-1.3296	-0.0006	0.1306
0.7430	2.4633	-1.3209	-0.0009	0.4429
0.7435	2.4437	-1.3117	0.0039	0.5880
0.7440	2.4713	-1.3045	0.0042	0.5322
0.7445	2.4395	-1.3051	-0.0012	0.2850
0.7450	2.4783	-1.3035	0.0018	-0.0567
0.7455	2.4302	-1.3152	0.0072	-0.3819
0.7460	2.4841	-1.3218	0.0036	-0.6021
0.7465	2.4138	-1.3300	0.0025	-0.6300
0.7470	2.4976	-1.3326	0.0037	-0.4718
0.7475	2.3899	-1.3322	0.0072	-0.1695
0.7480	2.5328	-1.3371	0.0054	0.1595
0.7485	2.3306	-1.3147	0.0015	0.4343
0.7490	2.6813	-1.3216	-0.0011	0.5630
0.7495	0.8920	-1.2380	0.0022	0.5085
0.7500	-0.3881	-0.9463	0.0054	0.1534
0.7505	0.0067	-0.7550	0.0006	-0.4153
0.7510	-0.1691	-0.6091	0.0001	-0.9679
0.7515	-0.0043	-0.5116	0.0047	-1.3064
0.7520	-0.0937	-0.4252	0.0057	-1.3410
0.7525	0.0069	-0.3532	0.0031	-1.0459
0.7530	-0.0477	-0.2849	-0.0023	-0.5214
0.7535	0.0219	-0.2197	0.0052	0.0823
0.7540	-0.0140	-0.1722	0.0018	0.5806
0.7545	0.0339	-0.1309	0.0011	0.8299
0.7550	0.0083	-0.1023	-0.0048	0.7740
0.7555	0.0395	-0.0779	0.0045	0.4344
0.7560	0.0198	-0.0692	0.0061	-0.0956
0.7565	0.0387	-0.0673	0.0049	-0.6164
0.7570	0.0221	-0.0697	-0.0108	-1.0010
0.7575	0.0349	-0.0683	-0.0350	-1.1155
0.7580	0.0244	-0.0671	-0.0043	-0.9297
0.7585	0.0337	-0.0672	-0.0006	-0.5191
0.7590	0.0291	-0.0540	-0.0003	0.0088
0.7595	0.0368	-0.0437	0.0004	0.4866
0.7600	0.0351	-0.0274	0.0054	0.7749
0.7605	0.0406	-0.0227	0.0007	0.8042
0.7610	0.0386	-0.0186	-0.0039	0.5698
0.7615	0.0414	-0.0169	0.0024	0.1458
0.7620	0.0377	-0.0247	0.0076	-0.3243
0.7625	0.0391	-0.0298	0.0031	-0.6895
0.7630	0.0346	-0.0412	0.0001	-0.8539
0.7635	0.0373	-0.0400	0.0036	-0.7564
0.7640	0.0332	-0.0395	0.0089	-0.4284
0.7645	0.0383	-0.0385	0.0052	0.0065
0.7650	0.0347	-0.0313	0.0010	0.4365
0.7655	0.0430	-0.0237	0.0023	0.7296
0.7660	0.0364	-0.0149	0.0041	0.7923
0.7665	0.0471	-0.0127	0.0003	0.6228
0.7670	0.0348	-0.0124	-0.0020	0.2604
0.7675	0.0487	-0.0136	0.0034	-0.1685
0.7680	0.0289	-0.0200	0.0063	-0.5430
0.7685	0.0492	-0.0357	0.0023	-0.7523
0.7690	0.0221	-0.0353	-0.0026	-0.7249
0.7695	0.0536	-0.0356	0.0024	-0.4940
0.7700	0.0157	-0.0297	0.0033	-0.1271
0.7705	0.0631	-0.0280	0.0017	0.2500
0.7710	0.0087	-0.0180	-0.0017	0.5392
0.7715	0.0772	-0.0199	-0.0035	0.6315
0.7720	-0.0055	-0.0101	-0.0004	0.5227
0.7725	0.1010	-0.0180	-0.0003	0.2331
0.7730	-0.0407	-0.0080	-0.0072	-0.1485
0.7735	0.1607	-0.0271	-0.0014	-0.4793
0.7740	-0.1865	-0.0180	-0.0312	-0.6875
0.7745	1.6223	-0.1042	-0.0243	-0.7033
0.7750	2.8851	-0.3706	-0.0052	-0.3961
0.7755	2.4996	-0.5268	-0.0043	0.1476
0.7760	2.6817	-0.6355	-0.0007	0.7052
0.7765	2.5229	-0.7159	0.0019	1.1016
0.7770	2.6105	-0.8055	-0.0044	1.2018
0.7775	2.5060	-0.8990	-0.0037	1.0039
0.7780	2.5571	-0.9817	0.0030	0.5595
0.7785	2.4885	-1.0396	0.0033	-0.0062
0.7790	2.5219	-1.0973	0.0012	-0.4971
0.7795	2.4754	-1.1347	-0.0012	-0.7933
0.7800	2.4990	-1.1777	-0.0002	-0.8095
0.7805	2.4664	-1.2019	0.0058	-0.5420
0.7810	2.4843	-1.2243	-0.0008	-0.0917
0.7815	2.4645	-1.2332	-0.0012	0.4085
0.7820	2.4788	-1.2363	0.0007	0.7955
0.7825	2.4656	-1.2388	-0.0006	0.9537
0.7830	2.4731	-1.2541	-0.0042	0.8325
0.7835	2.4611	-1.2645	-0.0043	0.4624
0.7840	2.4647	-1.2867	0.0003	-0.0289
0.7845	2.4570	-1.2916	0.0010	-0.4750
0.7850	2.4629	-1.2895	-0.0024	-0.7488
0.7855	2.4547	-1.3053	-0.0015	-0.7875
0.7860	2.4578	-1.3063	0.0018	-0.5870
0.7865	2.4547	-1.3058	-0.0017	-0.2082
0.7870	2.4576	-1.3089	-0.0008	0.2052
0.7875	2.4577	-1.2947	-0.0020	0.5344
0.7880	2.4612	-1.2883	-0.0016	0.6784
0.7885	2.4594	-1.2853	-0.0049	0.5906
0.7890	2.4634	-1.2850	-0.0008	0.2870
0.7895	2.4559	-1.2965	-0.0047	-0.1279
0.7900	2.4596	-1.3081	0.0014	-0.5102
0.7905	2.4510	-1.3114	-0.0230	-0.7350
0.7910	2.4563	-1.3259	-0.0378	-0.7503
0.7915	2.4464	-1.3297	-0.0058	-0.5690
0.7920	2.4588	-1.3271	-0.0052	-0.2421
0.7925	2.4446	-1.3212	-0.0009	0.1293
0.7930	2.4643	-1.3149	-0.0021	0.4291
0.7935	2.4440	-1.3082	-0.0006	0.5711
0.7940	2.4720	-1.3046	-0.0034	0.5188
0.7945	2.4402	-1.2990	-0.0019	0.2754
0.7950	2.4782	-1.3043	-0.0017	-0.0544
0.7955	2.4304	-1.3133	0.0017	-0.3808
0.7960	2.4842	-1.3186	-0.0010	-0.5836
0.7965	2.4141	-1.3284	0.0003	-0.6088
0.7970	2.4976	-1.3354	0.0021	-0.4541
0.7975	2.3902	-1.3336	0.0033	-0.1599
0.7980	2.5327	-1.3356	0.0032	0.1622
0.7985	2.3307	-1.3174	-0.0012	0.4288
0.7990	2.6809	-1.3221	0.0000	0.5488
0.7995	0.8891	-1.2430	0.0006	0.4959
0.8000	-0.3880	-0.9458	-0.0010	0.1448
0.8005	0.0069	-0.7577	-0.0028	-0.4169
0.8010	-0.1694	-0.6123	-0.0001	-0.9535
0.8015	-0.0052	-0.5168	0.0007	-1.2953
0.8020	-0.0945	-0.4264	0.0002	-1.3196
0.8025	0.0067	-0.3506	-0.0013	-1.0381
0.8030	-0.0477	-0.2838	-0.0044	-0.5197
0.8035	0.0211	-0.2268	-0.0015	0.0825
0.8040	-0.0146	-0.1769	-0.0020	0.5702
0.8045	0.0329	-0.1370	-0.0051	0.8196
0.8050	0.0076	-0.0983	-0.0057	0.7629
0.8055	0.0390	-0.0834	0.0007	0.4235
0.8060	0.0187	-0.0675	-0.0020	-0.0928
0.8065	0.0376	-0.0659	-0.0015	-0.6096
0.8070	0.0215	-0.0668	-0.0086	-0.9898
0.8075	0.0341	-0.0678	-0.0408	-1.1043
0.8080	0.0247	-0.0695	-0.0159	-0.9262
0.8085	0.0336	-0.0623	-0.0060	-0.5178
0.8090	0.0287	-0.0561	-0.0028	0.0035
0.8095	0.0371	-0.0459	-0.0018	0.4743
0.8100	0.0346	-0.0333	-0.0020	0.7661
0.8105	0.0409	-0.0206	-0.0083	0.7975
0.8110	0.0388	-0.0171	-0.0053	0.5631
0.8115	0.0412	-0.0165	-0.0031	0.1418
0.8120	0.0381	-0.0243	-0.0046	-0.3188
0.8125	0.0392	-0.0297	-0.0058	-0.6851
0.8130	0.0347	-0.0353	-0.0007	-0.8393
0.8135	0.0367	-0.0393	-0.0005	-0.7554
0.8140	0.0332	-0.0411	-0.0010	-0.4332
0.8145	0.0384	-0.0355	-0.0064	0.0107
0.8150	0.0342	-0.0329	-0.0032	0.4337
0.8155	0.0433	-0.0236	-0.0042	0.7231
0.8160	0.0362	-0.0130	-0.0061	0.7850
0.8165	0.0466	-0.0108	-0.0062	0.6166
0.8170	0.0346	-0.0130	-0.0034	0.2590
0.8175	0.0485	-0.0160	-0.0053	-0.1728
0.8180	0.0292	-0.0227	-0.0070	-0.5302
0.8185	0.0494	-0.0308	-0.0091	-0.7375
0.8190	0.0217	-0.0306	-0.0072	-0.7207
0.8195	0.0538	-0.0379	-0.0032	-0.4887
0.8200	0.0155	-0.0325	-0.0081	-0.1242
0.8205	0.0628	-0.0335	-0.0070	0.2480
0.8210	0.0082	-0.0215	-0.0079	0.5304
0.8215	0.0776	-0.0157	-0.0076	0.6275
0.8220	-0.0054	-0.0112	-0.0096	0.5169
0.8225	0.1007	-0.0132	-0.0103	0.2241
0.8230	-0.0402	-0.0150	-0.0090	-0.1421
0.8235	0.1604	-0.0287	-0.0068	-0.4826
0.8240	-0.1867	-0.0215	-0.0398	-0.6856
0.8245	1.6242	-0.1023	-0.0354	-0.6970
0.8250	2.8847	-0.3723	-0.0077	-0.3952
0.8255	2.4994	-0.5264	-0.0105	0.1528
0.8260	2.6819	-0.6378	-0.0059	0.7083
0.8265	2.5237	-0.7111	-0.0067	1.0919
0.8270	2.6106	-0.8085	-0.0064	1.1896
0.8275	2.5057	-0.8979	-0.0065	0.9910
0.8280	2.5573	-0.9829	-0.0062	0.5488
0.8285	2.4886	-1.0376	-0.0086	-0.0084
0.8290	2.5224	-1.0959	-0.0047	-0.5022
0.8295	2.4752	-1.1357	-0.0041	-0.7883
0.8300	2.4991	-1.1768	-0.0075	-0.8048
0.8305	2.4665	-1.2066	-0.0092	-0.5329
0.8310	2.4851	-1.2213	-0.0082	-0.0835
0.8315	2.4645	-1.2316	-0.0077	0.3994
0.8320	2.4790	-1.2334	-0.0069	0.7938
0.8325	2.4659	-1.2353	-0.0128	0.9439
0.8330	2.4738	-1.2500	-0.0071	0.8255
0.8335	2.4616	-1.2626	-0.0086	0.4624
0.8340	2.4652	-1.2826	-0.0082	-0.0342
0.8345	2.4578	-1.2885	-0.0089	-0.4693
0.8350	2.4628	-1.2856	-0.0094	-0.7494
0.8355	2.4552	-1.3085	-0.0040	-0.7768
0.8360	2.4578	-1.3081	-0.0064	-0.5829
0.8365	2.4551	-1.3103	-0.0119	-0.2030
0.8370	2.4575	-1.3077	-0.0097	0.2036
0.8375	2.4571	-1.2918	-0.0072	0.5323
0.8380	2.4615	-1.2903	-0.0073	0.6742
0.8385	2.4595	-1.2832	-0.0151	0.5868
0.8390	2.4631	-1.2844	-0.0103	0.2788
0.8395	2.4556	-1.3007	-0.0103	-0.1372
0.8400	2.4601	-1.3024	-0.0062	-0.5124
0.8405	2.4525	-1.3135	-0.0314	-0.7364
0.8410	2.4575	-1.3226	-0.0482	-0.7575
0.8415	2.4466	-1.3287	-0.0135	-0.5682
0.8420	2.4590	-1.3268	-0.0124	-0.2310
0.8425	2.4447	-1.3307	-0.0121	0.1354
0.8430	2.4646	-1.3165	-0.0107	0.4365
0.8435	2.4440	-1.3060	-0.0080	0.5756
0.8440	2.4718	-1.3057	-0.0078	0.5206
0.8445	2.4404	-1.2980	-0.0079	0.2798
0.8450	2.4792	-1.3014	-0.0090	-0.0615
0.8455	2.4315	-1.3069	-0.0033	-0.3881
0.8460	2.4848	-1.3190	-0.0055	-0.5966
0.8465	2.4143	-1.3260	-0.0064	-0.6176
0.8470	2.4976	-1.3418	-0.0088	-0.4599
0.8475	2.3909	-1.3287	-0.0043	-0.1612
0.8480	2.5333	-1.3292	-0.0050	0.1706
0.8485	2.3312	-1.3135	-0.0098	0.4267
0.8490	2.6812	-1.3227	-0.0103	0.5542
0.8495	0.8870	-1.2365	-0.0066	0.4962
0.8500	-0.3874	-0.9438	-0.0041	0.1447
0.8505	0.0069	-0.7553	-0.0105	-0.4222
0.8510	-0.1687	-0.6107	-0.0094	-0.9715
0.8515	-0.0043	-0.5102	-0.0047	-1.3027
0.8520	-0.0937	-0.4236	-0.0045	-1.3322
0.8525	0.0067	-0.3503	-0.0109	-1.0436
0.8530	-0.0471	-0.2807	-0.0108	-0.5194
0.8535	0.0213	-0.2233	-0.0102	0.0799
0.8540	-0.0142	-0.1724	-0.0061	0.5763
0.8545	0.0335	-0.1352	-0.0118	0.8146
0.8550	0.0082	-0.0988	-0.0133	0.7698
0.8555	0.0395	-0.0792	-0.0071	0.4224
0.8560	0.0189	-0.0649	-0.0063	-0.0930
0.8565	0.0384	-0.0693	-0.0098	-0.6197
0.8570	0.0227	-0.0684	-0.0149	-0.9968
0.8575	0.0340	-0.0690	-0.0461	-1.1147
0.8580	0.0249	-0.0666	-0.0237	-0.9277
0.8585	0.0345	-0.0669	-0.0118	-0.5094
0.8590	0.0291	-0.0541	-0.0136	0.0158
0.8595	0.0376	-0.0458	-0.0073	0.4881
0.8600	0.0348	-0.0285	-0.0085	0.7728
0.8605	0.0408	-0.0197	-0.0114	0.7979
0.8610	0.0386	-0.0182	-0.0132	0.5635
0.8615	0.0416	-0.0187	-0.0078	0.1399
0.8620	0.0377	-0.0212	-0.0065	-0.3304
0.8625	0.0386	-0.0283	-0.0087	-0.6940
0.8630	0.0350	-0.0396	-0.0098	-0.8477
0.8635	0.0370	-0.0431	-0.0055	-0.7516
0.8640	0.0336	-0.0397	-0.0047	-0.4273
0.8645	0.0384	-0.0390	-0.0100	0.0135
0.8650	0.0346	-0.0263	-0.0113	0.4439
0.8655	0.0431	-0.0263	-0.0088	0.7243
0.8660	0.0364	-0.0096	-0.0090	0.7900
0.8665	0.0471	-0.0123	-0.0114	0.6228
0.8670	0.0345	-0.0088	-0.0117	0.2555
0.8675	0.0485	-0.0150	-0.0113	-0.1733
0.8680	0.0290	-0.0230	-0.0086	-0.5415
0.8685	0.0490	-0.0326	-0.0134	-0.7430
0.8690	0.0218	-0.0322	-0.0129	-0.7194
0.8695	0.0537	-0.0408	-0.0045	-0.4911
0.8700	0.0159	-0.0304	-0.0084	-0.1237
0.8705	0.0623	-0.0271	-0.0126	0.2568
0.8710	0.0088	-0.0212	-0.0150	0.5294
0.8715	0.0775	-0.0171	-0.0125	0.6291
0.8720	-0.0051	-0.0130	-0.0128	0.5149
0.8725	0.1007	-0.0118	-0.0156	0.2206
0.8730	-0.0406	-0.0096	-0.0178	-0.1445
0.8735	0.1605	-0.0292	-0.0079	-0.4947
0.8740	-0.1865	-0.0171	-0.0378	-0.6948
0.8745	1.6263	-0.1047	-0.0417	-0.6956
0.8750	2.8842	-0.3683	-0.0166	-0.3919
0.8755	2.4995	-0.5308	-0.0147	0.1524
0.8760	2.6809	-0.6393	-0.0082	0.7066
0.8765	2.5238	-0.7119	-0.0123	1.0949
0.8770	2.6106	-0.8060	-0.0149	1.1984
0.8775	2.5053	-0.8980	-0.0111	0.9975
0.8780	2.5570	-0.9789	-0.0077	0.5445
0.8785	2.4882	-1.0407	-0.0131	-0.0181
0.8790	2.5221	-1.0962	-0.0103	-0.5093
0.8795	2.4755	-1.1354	-0.0091	-0.7983
0.8800	2.4991	-1.1791	-0.0096	-0.8035
0.8805	2.4664	-1.1995	-0.0109	-0.5351
0.8810	2.4848	-1.2254	-0.0127	-0.0757
0.8815	2.4649	-1.2254	-0.0093	0.4180
0.8820	2.4794	-1.2342	-0.0110	0.7931
0.8825	2.4664	-1.2354	-0.0159	0.9459
0.8830	2.4743	-1.2441	-0.0149	0.8266
0.8835	2.4619	-1.2665	-0.0134	0.4529
0.8840	2.4647	-1.2828	-0.0093	-0.0380
0.8845	2.4577	-1.2897	-0.0125	-0.4706
0.8850	2.4631	-1.2902	-0.0143	-0.7395
0.8855	2.4555	-1.3045	-0.0100	-0.7828
0.8860	2.4577	-1.3057	-0.0051	-0.5816
0.8865	2.4552	-1.3089	-0.0130	-0.2095
0.8870	2.4582	-1.3065	-0.0140	0.2030
0.8875	2.4583	-1.2944	-0.0109	0.5341
0.8880	2.4619	-1.2928	-0.0108	0.6787
0.8885	2.4591	-1.2854	-0.0162	0.5836
0.8890	2.4627	-1.2881	-0.0156	0.2821
0.8895	2.4552	-1.3004	-0.0107	-0.1297
0.8900	2.4595	-1.3075	-0.0041	-0.5102
0.8905	2.4514	-1.3164	-0.0288	-0.7305
0.8910	2.4575	-1.3230	-0.0533	-0.7627
0.8915	2.4465	-1.3295	-0.0177	-0.5736
0.8920	2.4593	-1.3245	-0.0108	-0.2390
0.8925	2.4441	-1.3209	-0.0103	0.1271
0.8930	2.4641	-1.3226	-0.0134	0.4291
0.8935	2.4435	-1.3097	-0.0086	0.5786
0.8940	2.4711	-1.3053	-0.0063	0.5120
0.8945	2.4397	-1.3025	-0.0104	0.2844
0.8950	2.4782	-1.3068	-0.0105	-0.0549
0.8955	2.4308	-1.3098	-0.0070	-0.3866
0.8960	2.4844	-1.3188	-0.0041	-0.5931
0.8965	2.4139	-1.3322	-0.0081	-0.6146
0.8970	2.4966	-1.3434	-0.0096	-0.4630
0.8975	2.3891	-1.3362	-0.0045	-0.1638
0.8980	2.5325	-1.3368	-0.0052	0.1653
0.8985	2.3307	-1.3217	-0.0089	0.4278
0.8990	2.6807	-1.3245	-0.0129	0.5504
0.8995	0.8849	-1.2423	-0.0114	0.5044
0.9000	-0.3875	-0.9482	-0.0059	0.1478
0.9005	0.0066	-0.7551	-0.0093	-0.4253
0.9010	-0.1693	-0.6179	-0.0084	-0.9593
0.9015	-0.0050	-0.5110	-0.0082	-1.3022
0.9020	-0.0936	-0.4225	-0.0043	-1.3322
0.9025	0.0060	-0.3467	-0.0076	-1.0428
0.9030	-0.0469	-0.2848	-0.0111	-0.5170
0.9035	0.0222	-0.2223	-0.0078	0.0812
0.9040	-0.0137	-0.1719	-0.0062	0.5638
0.9045	0.0337	-0.1338	-0.0094	0.8230
0.9050	0.0084	-0.1010	-0.0104	0.7636
0.9055	0.0397	-0.0775	-0.0084	0.4177
0.9060	0.0199	-0.0670	-0.0028	-0.0898
0.9065	0.0388	-0.0628	-0.0081	-0.6153
0.9070	0.0229	-0.0623	-0.0142	-0.9877
0.9075	0.0351	-0.0713	-0.0453	-1.1071
0.9080	0.0250	-0.0696	-0.0254	-0.9312
0.9085	0.0343	-0.0585	-0.0075	-0.5151
0.9090	0.0292	-0.0576	-0.0108	0.0101
0.9095	0.0370	-0.0425	-0.0077	0.4764
0.9100	0.0349	-0.0302	-0.0041	0.7709
0.9105	0.0404	-0.0227	-0.0066	0.7982
0.9110	0.0388	-0.0162	-0.0117	0.5682
0.9115	0.0413	-0.0216	-0.0070	0.1477
0.9120	0.0380	-0.0231	-0.0042	-0.3232
0.9125	0.0388	-0.0307	-0.0052	-0.6894
0.9130	0.0352	-0.0345	-0.0100	-0.8446
0.9135	0.0368	-0.0442	-0.0043	-0.7497
0.9140	0.0329	-0.0399	-0.0008	-0.4315
0.9145	0.0383	-0.0364	-0.0057	0.0128
0.9150	0.0350	-0.0278	-0.0076	0.4434
0.9155	0.0433	-0.0238	-0.0085	0.7189
0.9160	0.0363	-0.0148	-0.0057	0.7924
0.9165	0.0470	-0.0121	-0.0054	0.6159
0.9170	0.0344	-0.0145	-0.0102	0.2555
0.9175	0.0486	-0.0170	-0.0079	-0.1799
0.9180	0.0287	-0.0255	-0.0048	-0.5438
0.9185	0.0487	-0.0297	-0.0082	-0.7433
0.9190	0.0220	-0.0395	-0.0103	-0.7259
0.9195	0.0532	-0.0392	-0.0050	-0.4870
0.9200	0.0156	-0.0363	-0.0074	-0.1225
0.9205	0.0622	-0.0285	-0.0071	0.2581
0.9210	0.0087	-0.0222	-0.0102	0.5293
0.9215	0.0776	-0.0173	-0.0095	0.6198
0.9220	-0.0054	-0.0130	-0.0080	0.5176
0.9225	0.1007	-0.0139	-0.0096	0.2235
0.9230	-0.0404	-0.0142	-0.0138	-0.1433
0.9235	0.1602	-0.0298	-0.0041	-0.4811
0.9240	-0.1863	-0.0169	-0.0293	-0.6915
0.9245	1.6287	-0.1056	-0.0385	-0.6925
0.9250	2.8833	-0.3734	-0.0129	-0.3928
0.9255	2.4993	-0.5331	-0.0096	0.1570
0.9260	2.6808	-0.6419	-0.0020	0.7093
0.9265	2.5235	-0.7080	-0.0084	1.0940
0.9270	2.6105	-0.8079	-0.0100	1.1941
0.9275	2.5063	-0.8994	-0.0092	0.9951
0.9280	2.5571	-0.9842	-0.0046	0.5481
0.9285	2.4887	-1.0386	-0.0065	-0.0161
0.9290	2.5223	-1.0981	-0.0064	-0.5114
0.9295	2.4753	-1.1350	-0.0053	-0.7925
0.9300	2.4992	-1.1789	-0.0035	-0.7948
0.9305	2.4666	-1.2005	-0.0040	-0.5288
0.9310	2.4851	-1.2198	-0.0075	-0.0735
0.9315	2.4648	-1.2272	-0.0021	0.4134
0.9320	2.4789	-1.2294	-0.0061	0.7989
0.9325	2.4660	-1.2390	-0.0095	0.9475
0.9330	2.4735	-1.2488	-0.0079	0.8212
0.9335	2.4617	-1.2661	-0.0071	0.4568
0.9340	2.4649	-1.2851	-0.0032	-0.0419
0.9345	2.4573	-1.2914	-0.0056	-0.4710
0.9350	2.4627	-1.2885	-0.0087	-0.7457
0.9355	2.4551	-1.3043	-0.0041	-0.7773
0.9360	2.4582	-1.3080	0.0002	-0.5698
0.9365	2.4553	-1.3070	-0.0083	-0.2102
0.9370	2.4587	-1.3013	-0.0067	0.2121
0.9375	2.4581	-1.2907	-0.0033	0.5348
0.9380	2.4623	-1.2837	-0.0048	0.6718
0.9385	2.4598	-1.2848	-0.0090	0.5761
0.9390	2.4629	-1.2855	-0.0096	0.2801
0.9395	2.4557	-1.2997	-0.0040	-0.1319
0.9400	2.4595	-1.3041	-0.0003	-0.4987
0.9405	2.4522	-1.3068	-0.0189	-0.7302
0.9410	2.4577	-1.3280	-0.0484	-0.7543
0.9415	2.4466	-1.3242	-0.0127	-0.5675
0.9420	2.4597	-1.3294	-0.0045	-0.2382
0.9425	2.4459	-1.3154	-0.0074	0.1298
0.9430	2.4660	-1.3071	-0.0063	0.4337
0.9435	2.4453	-1.3020	-0.0009	0.5661
0.9440	2.4724	-1.3002	-0.0011	0.5158
0.9445	2.4404	-1.3011	-0.0041	0.2779
0.9450	2.4787	-1.3043	-0.0018	-0.0522
0.9455	2.4308	-1.3121	0.0017	-0.3674
0.9460	2.4847	-1.3179	0.0013	-0.5743
0.9465	2.4148	-1.3286	-0.0023	-0.6011
0.9470	2.4968	-1.3379	-0.0006	-0.4501
0.9475	2.3902	-1.3380	0.0016	-0.1664
0.9480	2.5336	-1.3275	0.0022	0.1549
0.9485	2.3313	-1.3113	-0.0000	0.4176
0.9490	2.6807	-1.3218	-0.0045	0.5365
0.9495	0.8833	-1.2380	-0.0001	0.4905
0.9500	-0.3877	-0.9465	-0.0014	0.1462
0.9505	0.0062	-0.7566	-0.0021	-0.4077
0.9510	-0.1697	-0.6145	-0.0029	-0.9439
0.9515	-0.0063	-0.5135	-0.0011	-1.2818
0.9520	-0.0936	-0.4223	0.0017	-1.3136
0.9525	0.0066	-0.3502	-0.0035	-1.0389
0.9530	-0.0469	-0.2837	-0.0044	-0.5176
0.9535	0.0218	-0.2216	0.0012	0.0668
0.9540	-0.0141	-0.1686	-0.0008	0.5481
0.9545	0.0336	-0.1288	-0.0045	0.8052
0.9550	0.0080	-0.0983	-0.0075	0.7551
0.9555	0.0397	-0.0782	0.0001	0.4196
0.9560	0.0198	-0.0670	0.0037	-0.0816
0.9565	0.0384	-0.0654	-0.0031	-0.6035
0.9570	0.0233	-0.0663	-0.0047	-0.9735
0.9575	0.0353	-0.0680	-0.0345	-1.0853
0.9580	0.0250	-0.0676	-0.0198	-0.9215
0.9585	0.0345	-0.0614	-0.0025	-0.5055
0.9590	0.0291	-0.0547	-0.0056	0.0038
0.9595	0.0371	-0.0413	-0.0008	0.4708
0.9600	0.0356	-0.0343	0.0025	0.7568
0.9605	0.0410	-0.0213	-0.0002	0.7841
0.9610	0.0390	-0.0183	-0.0069	0.5589
0.9615	0.0412	-0.0175	0.0003	0.1439
0.9620	0.0384	-0.0233	0.0027	-0.3090
0.9625	0.0387	-0.0304	0.0013	-0.6746
0.9630	0.0348	-0.0356	-0.0022	-0.8263
0.9635	0.0366	-0.0397	0.0016	-0.7383
0.9640	0.0331	-0.0384	0.0076	-0.4247
0.9645	0.0386	-0.0389	0.0032	0.0033
0.9650	0.0346	-0.0330	-0.0031	0.4254
0.9655	0.0433	-0.0213	0.0013	0.7120
0.9660	0.0363	-0.0121	0.0041	0.7768
0.9665	0.0472	-0.0115	-0.0005	0.6086
0.9670	0.0346	-0.0099	-0.0034	0.2598
0.9675	0.0487	-0.0150	0.0000	-0.1663
0.9680	0.0287	-0.0203	0.0039	-0.5291
0.9685	0.0493	-0.0353	0.0013	-0.7232
0.9690	0.0220	-0.0354	-0.0039	-0.7069
0.9695	0.0533	-0.0369	0.0016	-0.4818
0.9700	0.0159	-0.0323	0.0027	-0.1258
0.9705	0.0619	-0.0320	0.0003	0.2381
0.9710	0.0087	-0.0183	-0.0026	0.5111
0.9715	0.0770	-0.0131	-0.0061	0.6115
0.9720	-0.0056	-0.0111	-0.0032	0.5051
0.9725	0.1006	-0.0159	-0.0000	0.2196
0.9730	-0.0406	-0.0121	-0.0078	-0.1394
0.9735	0.1602	-0.0308	0.0012	-0.4751
0.9740	-0.1861	-0.0207	-0.0208	-0.6772
0.9745	1.6307	-0.1121	-0.0327	-0.6845
0.9750	2.8834	-0.3694	-0.0062	-0.3793
0.9755	2.4994	-0.5296	-0.0049	0.1510
0.9760	2.6806	-0.6379	0.0017	0.7020
0.9765	2.5232	-0.7163	-0.0011	1.0769
0.9770	2.6109	-0.8044	-0.0029	1.1817
0.9775	2.5067	-0.8970	-0.0024	0.9809
0.9780	2.5570	-0.9782	0.0010	0.5457
0.9785	2.4888	-1.0433	0.0013	-0.0129
0.9790	2.5227	-1.0971	0.0016	-0.5001
0.9795	2.4752	-1.1353	0.0000	-0.7773
0.9800	2.4990	-1.1757	0.0027	-0.7827
0.9805	2.4663	-1.2005	0.0041	-0.5205
0.9810	2.4846	-1.2237	0.0001	-0.0697
0.9815	2.4651	-1.2257	0.0005	0.4143
0.9820	2.4795	-1.2270	-0.0010	0.7765
0.9825	2.4668	-1.2343	-0.0015	0.9306
0.9830	2.4735	-1.2447	0.0002	0.8093
0.9835	2.4615	-1.2656	-0.0037	0.4499
0.9840	2.4645	-1.2856	-0.0009	-0.0414
0.9845	2.4576	-1.2902	0.0030	-0.4672
0.9850	2.4628	-1.2854	-0.0002	-0.7401
0.9855	2.4554	-1.3037	-0.0003	-0.7588
0.9860	2.4577	-1.3061	0.0031	-0.5645
0.9865	2.4547	-1.3082	0.0006	-0.1955
0.9870	2.4583	-1.3085	-0.0002	0.2038
0.9875	2.4582	-1.2911	0.0001	0.5170
0.9880	2.4618	-1.2868	-0.0001	0.6465
0.9885	2.4596	-1.2843	0.0014	0.5629
0.9890	2.4630	-1.2851	-0.0011	0.2720
0.9895	2.4551	-1.2992	-0.0017	-0.1347
0.9900	2.4596	-1.3119	0.0044	-0.4905
0.9905	2.4517	-1.3124	-0.0091	-0.7191
0.9910	2.4572	-1.3271	-0.0370	-0.7351
0.9915	2.4468	-1.3286	-0.0093	-0.5582
0.9920	2.4593	-1.3271	0.0009	-0.2346
0.9925	2.4466	-1.3197	-0.0019	0.1244
0.9930	2.4668	-1.3075	-0.0001	0.4063
0.9935	2.4458	-1.3028	0.0039	0.5421
0.9940	2.4728	-1.3026	0.0030	0.4908
0.9945	2.4408	-1.2992	-0.0006	0.2612
0.9950	2.4784	-1.3036	0.0037	-0.0529
0.9955	2.4306	-1.3104	0.0059	-0.3616
0.9960	2.4843	-1.3183	0.0042	-0.5582
0.9965	2.4143	-1.3274	0.0035	-0.5869
0.9970	2.4970	-1.3385	0.0037	-0.4351
0.9975	2.3903	-1.3359	0.0087	-0.1613
0.9980	2.5334	-1.3270	0.0059	0.1476
0.9985	2.3314	-1.3142	0.0030	0.3972
0.9990	2.6804	-1.3248	0.0023	0.5108
0.9995	0.8818	-1.2362	0.0038	0.4694
