Flexible Shaft
10/14/2015 2:33:29 PM
Sample Rate (Hz) = 2000.00
Effective Sample Rate (Hz) = 2000.00
time (s)	Voltage (V)	Current (A)	Distal Tach (rad/s)	Motor Tach (rad/s)

0.0000	2.4766	-1.3397	0.0104	-0.6781
0.0005	2.4146	-1.3541	-0.0155	-0.7229
0.0010	2.4857	-1.3580	-0.0248	-0.5637
0.0015	2.3948	-1.3521	0.0095	-0.2577
0.0020	2.5192	-1.3449	0.0152	0.0799
0.0025	2.3448	-1.3342	0.0286	0.3622
0.0030	2.6478	-1.3280	0.0342	0.4935
0.0035	1.6258	-1.2965	0.0304	0.4590
0.0040	-0.3584	-1.0319	0.0264	0.1609
0.0045	-0.0255	-0.8008	0.0326	-0.3904
0.0050	-0.1652	-0.6546	0.0440	-0.9527
0.0055	-0.0211	-0.5427	0.0456	-1.3432
0.0060	-0.0909	-0.4419	0.0396	-1.4211
0.0065	0.0002	-0.3517	0.0441	-1.1897
0.0070	-0.0433	-0.2854	0.0533	-0.6805
0.0075	0.0170	-0.2229	0.0597	-0.0658
0.0080	-0.0121	-0.1789	0.0494	0.4956
0.0085	0.0295	-0.1350	0.0512	0.8311
0.0090	0.0094	-0.1073	0.0633	0.8569
0.0095	0.0371	-0.0769	0.0720	0.5650
0.0100	0.0209	-0.0669	0.0659	0.0447
0.0105	0.0367	-0.0652	0.0611	-0.5200
0.0110	0.0241	-0.0623	0.0734	-0.9709
0.0115	0.0341	-0.0664	0.0829	-1.1597
0.0120	0.0247	-0.0736	0.0782	-1.0669
0.0125	0.0332	-0.0679	0.0750	-0.6812
0.0130	0.0288	-0.0559	0.0833	-0.1515
0.0135	0.0360	-0.0470	0.0920	0.3606
0.0140	0.0345	-0.0380	0.0874	0.7083
0.0145	0.0398	-0.0252	0.0785	0.7914
0.0150	0.0385	-0.0164	0.0833	0.5908
0.0155	0.0412	-0.0177	0.0997	0.1794
0.0160	0.0382	-0.0220	0.0950	-0.3189
0.0165	0.0387	-0.0303	0.0933	-0.7344
0.0170	0.0349	-0.0394	0.0893	-0.9615
0.0175	0.0354	-0.0445	0.0691	-0.9122
0.0180	0.0324	-0.0427	0.0973	-0.6109
0.0185	0.0374	-0.0406	0.1010	-0.1494
0.0190	0.0343	-0.0313	0.1036	0.3127
0.0195	0.0418	-0.0231	0.1179	0.6549
0.0200	0.0358	-0.0185	0.1211	0.7775
0.0205	0.0456	-0.0102	0.1117	0.6439
0.0210	0.0351	-0.0117	0.1123	0.2988
0.0215	0.0476	-0.0150	0.1265	-0.1356
0.0220	0.0304	-0.0190	0.1293	-0.5226
0.0225	0.0484	-0.0257	0.1190	-0.7487
0.0230	0.0235	-0.0321	0.1201	-0.7576
0.0235	0.0506	-0.0407	0.1322	-0.5209
0.0240	0.0176	-0.0349	0.1408	-0.1353
0.0245	0.0586	-0.0303	0.1296	0.2820
0.0250	0.0114	-0.0230	0.1225	0.5964
0.0255	0.0726	-0.0207	0.1360	0.7348
0.0260	-0.0002	-0.0099	0.1438	0.6419
0.0265	0.0940	-0.0098	0.1347	0.3469
0.0270	-0.0307	-0.0134	0.1328	-0.0329
0.0275	0.1468	-0.0213	0.1402	-0.4011
0.0280	-0.1601	-0.0269	0.1533	-0.6325
0.0285	0.8870	-0.0486	0.1486	-0.6762
0.0290	2.8563	-0.3115	0.1430	-0.4281
0.0295	2.5190	-0.5187	0.1529	0.1133
0.0300	2.6675	-0.6499	0.1619	0.7275
0.0305	2.5265	-0.7357	0.1609	1.1804
0.0310	2.6060	-0.7994	0.1470	1.3364
0.0315	2.5132	-0.8844	0.1552	1.1373
0.0320	2.5573	-0.9601	0.1649	0.6652
0.0325	2.4942	-1.0284	0.1670	0.0390
0.0330	2.5212	-1.0906	0.1568	-0.5205
0.0335	2.4782	-1.1314	0.1635	-0.8606
0.0340	2.4966	-1.1782	0.1405	-0.9097
0.0345	2.4635	-1.2186	0.1464	-0.6191
0.0350	2.4776	-1.2510	0.1609	-0.1224
0.0355	2.4577	-1.2647	0.1596	0.4377
0.0360	2.4704	-1.2742	0.1770	0.8876
0.0365	2.4626	-1.2545	0.1768	1.0751
0.0370	2.4703	-1.2610	0.1692	0.9391
0.0375	2.4602	-1.2746	0.1686	0.5452
0.0380	2.4625	-1.2905	0.1826	0.0070
0.0385	2.4543	-1.3128	0.1887	-0.4805
0.0390	2.4583	-1.3030	0.1778	-0.7760
0.0395	2.4520	-1.3205	0.1749	-0.8163
0.0400	2.4520	-1.3336	0.1902	-0.5885
0.0405	2.4506	-1.3329	0.1959	-0.1679
0.0410	2.4567	-1.3072	0.1858	0.2980
0.0415	2.4553	-1.3080	0.1824	0.6676
0.0420	2.4595	-1.2962	0.1942	0.8323
0.0425	2.4573	-1.2966	0.1998	0.7355
0.0430	2.4593	-1.3030	0.1923	0.4096
0.0435	2.4541	-1.3075	0.1863	-0.0526
0.0440	2.4576	-1.3115	0.1961	-0.4628
0.0445	2.4512	-1.3217	0.2052	-0.7192
0.0450	2.4558	-1.3265	0.2006	-0.7542
0.0455	2.4453	-1.3411	0.1938	-0.5657
0.0460	2.4553	-1.3397	0.1983	-0.2175
0.0465	2.4431	-1.3324	0.2099	0.1778
0.0470	2.4609	-1.3274	0.2057	0.4888
0.0475	2.4434	-1.3211	0.1955	0.6268
0.0480	2.4698	-1.3043	0.1999	0.5473
0.0485	2.4411	-1.3063	0.2069	0.2676
0.0490	2.4719	-1.3181	0.2117	-0.1131
0.0495	2.4295	-1.3286	0.1993	-0.4566
0.0500	2.4772	-1.3365	0.2073	-0.6713
0.0505	2.4153	-1.3487	0.1931	-0.7058
0.0510	2.4870	-1.3543	0.1783	-0.5332
0.0515	2.3954	-1.3528	0.2020	-0.2329
0.0520	2.5200	-1.3391	0.2049	0.1087
0.0525	2.3442	-1.3351	0.2186	0.3822
0.0530	2.6471	-1.3297	0.2179	0.5000
0.0535	1.6217	-1.3074	0.2104	0.4579
0.0540	-0.3605	-1.0339	0.2089	0.1498
0.0545	-0.0256	-0.8090	0.2173	-0.3933
0.0550	-0.1669	-0.6677	0.2202	-0.9683
0.0555	-0.0224	-0.5484	0.2131	-1.3443
0.0560	-0.0917	-0.4490	0.2104	-1.4167
0.0565	-0.0006	-0.3534	0.2199	-1.1710
0.0570	-0.0439	-0.2915	0.2237	-0.6635
0.0575	0.0165	-0.2270	0.2162	-0.0420
0.0580	-0.0120	-0.1795	0.2119	0.5125
0.0585	0.0294	-0.1379	0.2142	0.8434
0.0590	0.0090	-0.0999	0.2213	0.8489
0.0595	0.0366	-0.0844	0.2167	0.5433
0.0600	0.0204	-0.0720	0.2112	0.0249
0.0605	0.0363	-0.0681	0.2143	-0.5328
0.0610	0.0230	-0.0664	0.2224	-0.9778
0.0615	0.0336	-0.0734	0.2191	-1.1630
0.0620	0.0250	-0.0711	0.2118	-1.0430
0.0625	0.0327	-0.0671	0.2139	-0.6642
0.0630	0.0289	-0.0623	0.2243	-0.1289
0.0635	0.0358	-0.0481	0.2206	0.3787
0.0640	0.0345	-0.0343	0.2111	0.7132
0.0645	0.0399	-0.0263	0.2085	0.7847
0.0650	0.0382	-0.0200	0.2162	0.5884
0.0655	0.0412	-0.0181	0.2177	0.1710
0.0660	0.0376	-0.0232	0.2082	-0.3271
0.0665	0.0381	-0.0326	0.2064	-0.7375
0.0670	0.0341	-0.0415	0.2099	-0.9475
0.0675	0.0357	-0.0476	0.1763	-0.8958
0.0680	0.0323	-0.0501	0.1917	-0.6073
0.0685	0.0373	-0.0426	0.1998	-0.1425
0.0690	0.0338	-0.0359	0.2046	0.3248
0.0695	0.0417	-0.0279	0.2091	0.6674
0.0700	0.0353	-0.0193	0.2027	0.7812
0.0705	0.0457	-0.0147	0.1960	0.6427
0.0710	0.0345	-0.0154	0.1990	0.3085
0.0715	0.0478	-0.0178	0.2082	-0.1296
0.0720	0.0301	-0.0197	0.2043	-0.5204
0.0725	0.0480	-0.0285	0.1931	-0.7479
0.0730	0.0227	-0.0394	0.1920	-0.7466
0.0735	0.0505	-0.0439	0.2035	-0.5128
0.0740	0.0174	-0.0435	0.2020	-0.1329
0.0745	0.0592	-0.0307	0.1924	0.2838
0.0750	0.0116	-0.0263	0.1900	0.6128
0.0755	0.0726	-0.0171	0.1945	0.7364
0.0760	-0.0001	-0.0105	0.1961	0.6550
0.0765	0.0941	-0.0112	0.1840	0.3631
0.0770	-0.0311	-0.0122	0.1816	-0.0270
0.0775	0.1478	-0.0225	0.1891	-0.3949
0.0780	-0.1610	-0.0279	0.1895	-0.6215
0.0785	0.8886	-0.0487	0.1814	-0.6740
0.0790	2.8568	-0.3120	0.1769	-0.4253
0.0795	2.5174	-0.5279	0.1834	0.1208
0.0800	2.6663	-0.6515	0.1860	0.7327
0.0805	2.5255	-0.7442	0.1752	1.1887
0.0810	2.6024	-0.8137	0.1646	1.3483
0.0815	2.5109	-0.8986	0.1747	1.1608
0.0820	2.5549	-0.9733	0.1757	0.6690
0.0825	2.4911	-1.0413	0.1729	0.0452
0.0830	2.5190	-1.0996	0.1624	-0.5149
0.0835	2.4778	-1.1416	0.1712	-0.8589
0.0840	2.4957	-1.1764	0.1405	-0.9130
0.0845	2.4638	-1.2226	0.1367	-0.6296
0.0850	2.4781	-1.2488	0.1526	-0.1347
0.0855	2.4587	-1.2665	0.1579	0.4169
0.0860	2.4709	-1.2689	0.1678	0.8664
0.0865	2.4625	-1.2509	0.1578	1.0777
0.0870	2.4699	-1.2635	0.1495	0.9470
0.0875	2.4601	-1.2714	0.1468	0.5476
0.0880	2.4636	-1.2863	0.1588	0.0055
0.0885	2.4559	-1.2990	0.1536	-0.4703
0.0890	2.4590	-1.3016	0.1429	-0.7830
0.0895	2.4527	-1.3134	0.1442	-0.8163
0.0900	2.4528	-1.3248	0.1523	-0.5926
0.0905	2.4500	-1.3313	0.1487	-0.1719
0.0910	2.4539	-1.3308	0.1346	0.2911
0.0915	2.4528	-1.3210	0.1339	0.6812
0.0920	2.4576	-1.3063	0.1415	0.8497
0.0925	2.4557	-1.3010	0.1387	0.7536
0.0930	2.4583	-1.3013	0.1240	0.4106
0.0935	2.4535	-1.3098	0.1249	-0.0661
0.0940	2.4563	-1.3175	0.1371	-0.4721
0.0945	2.4533	-1.3030	0.1299	-0.7418
0.0950	2.4653	-1.2843	0.1209	-0.7964
0.0955	2.4554	-1.2900	0.1178	-0.6238
0.0960	2.4649	-1.3010	0.1262	-0.2724
0.0965	2.4508	-1.2958	0.1281	0.1468
0.0970	2.4683	-1.2931	0.1171	0.4893
0.0975	2.4514	-1.2842	0.1102	0.6631
0.0980	2.4773	-1.2676	0.1163	0.6020
0.0985	2.4485	-1.2769	0.1141	0.3270
0.0990	2.4763	-1.3004	0.1061	-0.0642
0.0995	2.4325	-1.3153	0.0989	-0.4234
0.1000	2.4819	-1.3091	0.1076	-0.6712
0.1005	2.4216	-1.3148	0.0901	-0.7302
0.1010	2.4931	-1.3209	0.0599	-0.5981
0.1015	2.4003	-1.3286	0.0856	-0.2919
0.1020	2.5242	-1.3198	0.0924	0.0576
0.1025	2.3495	-1.3103	0.0789	0.3707
0.1030	2.6537	-1.2998	0.0532	0.5212
0.1035	1.6276	-1.2719	0.0724	0.4954
0.1040	-0.3535	-1.0028	0.0991	0.1920
0.1045	-0.0184	-0.7737	0.0734	-0.3547
0.1050	-0.1604	-0.6328	0.0514	-0.9336
0.1055	-0.0157	-0.5157	0.0918	-1.3391
0.1060	-0.0865	-0.4208	0.1011	-1.4357
0.1065	0.0033	-0.3350	0.0510	-1.2063
0.1070	-0.0407	-0.2730	0.0409	-0.6958
0.1075	0.0188	-0.2180	0.0836	-0.0654
0.1080	-0.0105	-0.1727	0.0975	0.5132
0.1085	0.0306	-0.1312	0.0560	0.8561
0.1090	0.0101	-0.1014	0.0269	0.8816
0.1095	0.0381	-0.0747	0.0612	0.5973
0.1100	0.0204	-0.0681	0.0886	0.0710
0.1105	0.0374	-0.0596	0.0515	-0.5087
0.1110	0.0236	-0.0636	0.0169	-0.9719
0.1115	0.0341	-0.0664	0.0418	-1.1747
0.1120	0.0251	-0.0685	0.0771	-1.0810
0.1125	0.0329	-0.0646	0.0494	-0.6976
0.1130	0.0289	-0.0599	0.0068	-0.1609
0.1135	0.0357	-0.0502	0.0199	0.3595
0.1140	0.0350	-0.0379	0.0546	0.7189
0.1145	0.0395	-0.0254	0.0433	0.8169
0.1150	0.0389	-0.0190	0.0025	0.6243
0.1155	0.0416	-0.0150	0.0051	0.2030
0.1160	0.0378	-0.0224	0.0276	-0.3016
0.1165	0.0384	-0.0271	0.0286	-0.7250
0.1170	0.0348	-0.0420	0.0050	-0.9637
0.1175	0.0358	-0.0440	-0.0376	-0.9334
0.1180	0.0322	-0.0495	-0.0088	-0.6328
0.1185	0.0366	-0.0426	0.0087	-0.1793
0.1190	0.0334	-0.0361	0.0012	0.3026
0.1195	0.0413	-0.0247	-0.0021	0.6647
0.1200	0.0356	-0.0193	-0.0021	0.7968
0.1205	0.0458	-0.0133	-0.0061	0.6731
0.1210	0.0351	-0.0120	-0.0089	0.3397
0.1215	0.0480	-0.0133	-0.0046	-0.1099
0.1220	0.0301	-0.0218	-0.0116	-0.5114
0.1225	0.0481	-0.0312	-0.0118	-0.7497
0.1230	0.0237	-0.0357	-0.0115	-0.7669
0.1235	0.0501	-0.0394	-0.0183	-0.5495
0.1240	0.0169	-0.0405	-0.0171	-0.1606
0.1245	0.0592	-0.0327	-0.0182	0.2620
0.1250	0.0114	-0.0256	-0.0286	0.5969
0.1255	0.0723	-0.0183	-0.0353	0.7458
0.1260	-0.0001	-0.0120	-0.0406	0.6713
0.1265	0.0941	-0.0135	-0.0437	0.3897
0.1270	-0.0310	-0.0141	-0.0460	-0.0062
0.1275	0.1475	-0.0190	-0.0508	-0.3876
0.1280	-0.1612	-0.0248	-0.0527	-0.6370
0.1285	0.8903	-0.0540	-0.0535	-0.6980
0.1290	2.8571	-0.3128	-0.0565	-0.4556
0.1295	2.5169	-0.5320	-0.0551	0.0887
0.1300	2.6632	-0.6722	-0.0578	0.7097
0.1305	2.5199	-0.7662	-0.0616	1.1953
0.1310	2.5994	-0.8296	-0.0699	1.3707
0.1315	2.5082	-0.9169	-0.0706	1.1852
0.1320	2.5526	-0.9795	-0.0731	0.7144
0.1325	2.4889	-1.0557	-0.0745	0.0669
0.1330	2.5164	-1.1128	-0.0800	-0.5265
0.1335	2.4759	-1.1453	-0.0768	-0.8937
0.1340	2.4946	-1.1890	-0.1072	-0.9491
0.1345	2.4619	-1.2315	-0.1186	-0.6766
0.1350	2.4809	-1.2360	-0.0939	-0.1825
0.1355	2.4681	-1.2171	-0.0947	0.3761
0.1360	2.4776	-1.2363	-0.0922	0.8243
0.1365	2.4678	-1.2297	-0.0970	1.0451
0.1370	2.4744	-1.2418	-0.1005	0.9587
0.1375	2.4632	-1.2578	-0.1029	0.5961
0.1380	2.4666	-1.2694	-0.1006	0.0755
0.1385	2.4589	-1.2819	-0.1036	-0.4247
0.1390	2.4622	-1.2884	-0.1091	-0.7495
0.1395	2.4559	-1.3051	-0.1101	-0.8299
0.1400	2.4556	-1.3194	-0.1080	-0.6323
0.1405	2.4529	-1.3195	-0.1116	-0.2329
0.1410	2.4566	-1.3128	-0.1159	0.2377
0.1415	2.4553	-1.3043	-0.1215	0.6253
0.1420	2.4599	-1.3015	-0.1175	0.8233
0.1425	2.4582	-1.2925	-0.1189	0.7583
0.1430	2.4601	-1.2992	-0.1306	0.4440
0.1435	2.4539	-1.3057	-0.1327	-0.0078
0.1440	2.4567	-1.3169	-0.1272	-0.4331
0.1445	2.4518	-1.3141	-0.1314	-0.7058
0.1450	2.4583	-1.3172	-0.1340	-0.7762
0.1455	2.4477	-1.3229	-0.1364	-0.6156
0.1460	2.4585	-1.3277	-0.1346	-0.2837
0.1465	2.4456	-1.3276	-0.1390	0.1110
0.1470	2.4639	-1.3174	-0.1413	0.4445
0.1475	2.4461	-1.3128	-0.1449	0.6118
0.1480	2.4728	-1.2939	-0.1399	0.5611
0.1485	2.4452	-1.2915	-0.1490	0.3068
0.1490	2.4742	-1.3105	-0.1498	-0.0582
0.1495	2.4311	-1.3180	-0.1513	-0.4107
0.1500	2.4802	-1.3221	-0.1443	-0.6519
0.1505	2.4204	-1.3247	-0.1624	-0.7084
0.1510	2.4919	-1.3330	-0.1973	-0.5781
0.1515	2.3995	-1.3274	-0.1684	-0.3004
0.1520	2.5241	-1.3223	-0.1580	0.0481
0.1525	2.3492	-1.3074	-0.1575	0.3297
0.1530	2.6543	-1.2993	-0.1658	0.4762
0.1535	1.6241	-1.2761	-0.1676	0.4684
0.1540	-0.3541	-1.0004	-0.1653	0.1852
0.1545	-0.0181	-0.7706	-0.1638	-0.3555
0.1550	-0.1609	-0.6313	-0.1703	-0.9134
0.1555	-0.0159	-0.5220	-0.1723	-1.3113
0.1560	-0.0861	-0.4199	-0.1651	-1.4118
0.1565	0.0039	-0.3375	-0.1677	-1.1896
0.1570	-0.0406	-0.2710	-0.1746	-0.6923
0.1575	0.0192	-0.2163	-0.1801	-0.0786
0.1580	-0.0104	-0.1677	-0.1766	0.4774
0.1585	0.0308	-0.1329	-0.1744	0.8251
0.1590	0.0104	-0.0986	-0.1853	0.8575
0.1595	0.0384	-0.0722	-0.1859	0.5735
0.1600	0.0214	-0.0611	-0.1814	0.0627
0.1605	0.0373	-0.0627	-0.1798	-0.4968
0.1610	0.0244	-0.0664	-0.1852	-0.9491
0.1615	0.0350	-0.0608	-0.1912	-1.1589
0.1620	0.0254	-0.0698	-0.1873	-1.0699
0.1625	0.0336	-0.0646	-0.1841	-0.7025
0.1630	0.0289	-0.0582	-0.1876	-0.1701
0.1635	0.0365	-0.0494	-0.1954	0.3375
0.1640	0.0344	-0.0337	-0.1957	0.6941
0.1645	0.0397	-0.0218	-0.1953	0.7826
0.1650	0.0387	-0.0200	-0.1972	0.5959
0.1655	0.0411	-0.0157	-0.2015	0.2022
0.1660	0.0382	-0.0174	-0.2023	-0.2966
0.1665	0.0388	-0.0242	-0.1982	-0.7190
0.1670	0.0348	-0.0388	-0.1977	-0.9516
0.1675	0.0359	-0.0475	-0.2383	-0.9132
0.1680	0.0319	-0.0465	-0.2269	-0.6364
0.1685	0.0371	-0.0454	-0.2053	-0.1816
0.1690	0.0332	-0.0394	-0.2051	0.2985
0.1695	0.0415	-0.0261	-0.2066	0.6430
0.1700	0.0352	-0.0176	-0.2128	0.7743
0.1705	0.0457	-0.0130	-0.2058	0.6441
0.1710	0.0347	-0.0181	-0.2052	0.3204
0.1715	0.0472	-0.0163	-0.2095	-0.1150
0.1720	0.0297	-0.0251	-0.2101	-0.4950
0.1725	0.0483	-0.0352	-0.2119	-0.7384
0.1730	0.0227	-0.0341	-0.2101	-0.7484
0.1735	0.0504	-0.0390	-0.2107	-0.5339
0.1740	0.0165	-0.0384	-0.2140	-0.1620
0.1745	0.0589	-0.0344	-0.2133	0.2524
0.1750	0.0115	-0.0254	-0.2109	0.5737
0.1755	0.0726	-0.0167	-0.2148	0.7216
0.1760	-0.0006	-0.0128	-0.2186	0.6452
0.1765	0.0941	-0.0102	-0.2195	0.3672
0.1770	-0.0316	-0.0159	-0.2158	-0.0128
0.1775	0.1478	-0.0212	-0.2147	-0.3813
0.1780	-0.1616	-0.0265	-0.2199	-0.6140
0.1785	0.8927	-0.0526	-0.2191	-0.6759
0.1790	2.8575	-0.3144	-0.2179	-0.4387
0.1795	2.5168	-0.5321	-0.2151	0.0986
0.1800	2.6641	-0.6678	-0.2184	0.7054
0.1805	2.5207	-0.7601	-0.2214	1.1749
0.1810	2.6012	-0.8187	-0.2206	1.3475
0.1815	2.5093	-0.9081	-0.2179	1.1600
0.1820	2.5542	-0.9750	-0.2201	0.6861
0.1825	2.4902	-1.0460	-0.2184	0.0559
0.1830	2.5182	-1.1021	-0.2209	-0.5257
0.1835	2.4760	-1.1445	-0.2116	-0.8748
0.1840	2.4944	-1.1888	-0.2405	-0.9273
0.1845	2.4619	-1.2306	-0.2549	-0.6612
0.1850	2.4760	-1.2579	-0.2236	-0.1553
0.1855	2.4564	-1.2714	-0.2198	0.3993
0.1860	2.4686	-1.2799	-0.2143	0.8682
0.1865	2.4608	-1.2612	-0.2216	1.0824
0.1870	2.4690	-1.2691	-0.2212	0.9588
0.1875	2.4585	-1.2824	-0.2158	0.5628
0.1880	2.4622	-1.2925	-0.2101	0.0191
0.1885	2.4552	-1.3015	-0.2137	-0.4895
0.1890	2.4588	-1.3002	-0.2151	-0.8109
0.1895	2.4526	-1.3174	-0.2116	-0.8621
0.1900	2.4528	-1.3271	-0.2051	-0.6370
0.1905	2.4512	-1.3212	-0.2081	-0.2055
0.1910	2.4583	-1.3048	-0.2148	0.2661
0.1915	2.4577	-1.2937	-0.2093	0.6528
0.1920	2.4614	-1.2852	-0.2058	0.8364
0.1925	2.4600	-1.2835	-0.2078	0.7498
0.1930	2.4615	-1.2877	-0.2161	0.4271
0.1935	2.4555	-1.3037	-0.2071	-0.0415
0.1940	2.4584	-1.3102	-0.2007	-0.4621
0.1945	2.4540	-1.3072	-0.2020	-0.7353
0.1950	2.4602	-1.3060	-0.2062	-0.7971
0.1955	2.4498	-1.3166	-0.2039	-0.6255
0.1960	2.4614	-1.3137	-0.1942	-0.2880
0.1965	2.4488	-1.3076	-0.1958	0.1198
0.1970	2.4669	-1.2966	-0.2005	0.4538
0.1975	2.4489	-1.2951	-0.1960	0.6230
0.1980	2.4753	-1.2814	-0.1936	0.5726
0.1985	2.4481	-1.2774	-0.1928	0.3009
0.1990	2.4761	-1.3022	-0.1937	-0.0594
0.1995	2.4327	-1.3131	-0.1911	-0.4293
0.2000	2.4817	-1.3125	-0.1856	-0.6746
0.2005	2.4206	-1.3256	-0.1899	-0.7278
0.2010	2.4920	-1.3301	-0.2258	-0.5854
0.2015	2.3996	-1.3292	-0.1958	-0.2982
0.2020	2.5224	-1.3270	-0.1806	0.0521
0.2025	2.3460	-1.3201	-0.1733	0.3564
0.2030	2.6515	-1.3169	-0.1780	0.5091
0.2035	1.6190	-1.2870	-0.1782	0.4843
0.2040	-0.3582	-1.0216	-0.1737	0.1996
0.2045	-0.0210	-0.7897	-0.1682	-0.3570
0.2050	-0.1634	-0.6452	-0.1692	-0.9328
0.2055	-0.0184	-0.5346	-0.1717	-1.3297
0.2060	-0.0893	-0.4351	-0.1639	-1.4462
0.2065	0.0020	-0.3493	-0.1588	-1.2201
0.2070	-0.0421	-0.2792	-0.1625	-0.7132
0.2075	0.0178	-0.2236	-0.1652	-0.0865
0.2080	-0.0116	-0.1754	-0.1637	0.4822
0.2085	0.0296	-0.1356	-0.1603	0.8399
0.2090	0.0088	-0.1033	-0.1588	0.8761
0.2095	0.0374	-0.0813	-0.1591	0.5929
0.2100	0.0203	-0.0657	-0.1541	0.0785
0.2105	0.0370	-0.0638	-0.1516	-0.4964
0.2110	0.0233	-0.0678	-0.1499	-0.9617
0.2115	0.0335	-0.0664	-0.1500	-1.1770
0.2120	0.0245	-0.0692	-0.1454	-1.0831
0.2125	0.0328	-0.0681	-0.1439	-0.7176
0.2130	0.0283	-0.0625	-0.1377	-0.1723
0.2135	0.0360	-0.0473	-0.1406	0.3449
0.2140	0.0343	-0.0346	-0.1407	0.7008
0.2145	0.0394	-0.0236	-0.1378	0.8068
0.2150	0.0383	-0.0181	-0.1330	0.6138
0.2155	0.0413	-0.0183	-0.1333	0.1990
0.2160	0.0381	-0.0251	-0.1302	-0.3011
0.2165	0.0384	-0.0324	-0.1287	-0.7324
0.2170	0.0347	-0.0387	-0.1217	-0.9659
0.2175	0.0350	-0.0445	-0.1561	-0.9320
0.2180	0.0324	-0.0475	-0.1479	-0.6437
0.2185	0.0369	-0.0405	-0.1222	-0.1842
0.2190	0.0337	-0.0359	-0.1207	0.2924
0.2195	0.0416	-0.0281	-0.1151	0.6423
0.2200	0.0355	-0.0179	-0.1180	0.7758
0.2205	0.0458	-0.0155	-0.1130	0.6505
0.2210	0.0343	-0.0118	-0.1109	0.3199
0.2215	0.0474	-0.0171	-0.1028	-0.1209
0.2220	0.0296	-0.0215	-0.1057	-0.5105
0.2225	0.0482	-0.0322	-0.1054	-0.7519
0.2230	0.0232	-0.0365	-0.1040	-0.7660
0.2235	0.0505	-0.0390	-0.0962	-0.5443
0.2240	0.0169	-0.0352	-0.0926	-0.1644
0.2245	0.0586	-0.0315	-0.0943	0.2526
0.2250	0.0117	-0.0267	-0.0938	0.5849
0.2255	0.0722	-0.0185	-0.0885	0.7275
0.2260	-0.0008	-0.0177	-0.0873	0.6502
0.2265	0.0944	-0.0130	-0.0898	0.3659
0.2270	-0.0313	-0.0102	-0.0864	-0.0152
0.2275	0.1483	-0.0177	-0.0794	-0.3909
0.2280	-0.1616	-0.0253	-0.0747	-0.6313
0.2285	0.8949	-0.0511	-0.0753	-0.6879
0.2290	2.8577	-0.3183	-0.0764	-0.4397
0.2295	2.5176	-0.5287	-0.0687	0.1076
0.2300	2.6674	-0.6519	-0.0648	0.7059
0.2305	2.5256	-0.7372	-0.0664	1.1769
0.2310	2.6055	-0.8023	-0.0692	1.3370
0.2315	2.5129	-0.8891	-0.0621	1.1473
0.2320	2.5567	-0.9663	-0.0594	0.6728
0.2325	2.4928	-1.0328	-0.0533	0.0636
0.2330	2.5202	-1.0946	-0.0550	-0.4975
0.2335	2.4776	-1.1357	-0.0488	-0.8515
0.2340	2.4957	-1.1853	-0.0670	-0.9085
0.2345	2.4620	-1.2333	-0.0826	-0.6388
0.2350	2.4758	-1.2575	-0.0517	-0.1403
0.2355	2.4553	-1.2796	-0.0452	0.4196
0.2360	2.4685	-1.2779	-0.0341	0.8731
0.2365	2.4605	-1.2647	-0.0367	1.0706
0.2370	2.4688	-1.2655	-0.0358	0.9513
0.2375	2.4587	-1.2842	-0.0314	0.5552
0.2380	2.4601	-1.2969	-0.0254	0.0150
0.2385	2.4533	-1.3140	-0.0257	-0.4691
0.2390	2.4572	-1.3132	-0.0243	-0.7757
0.2395	2.4509	-1.3219	-0.0189	-0.8260
0.2400	2.4511	-1.3372	-0.0131	-0.6070
0.2405	2.4490	-1.3345	-0.0123	-0.1832
0.2410	2.4538	-1.3244	-0.0095	0.2840
0.2415	2.4525	-1.3168	-0.0090	0.6589
0.2420	2.4577	-1.3103	-0.0076	0.8439
0.2425	2.4555	-1.3064	-0.0058	0.7529
0.2430	2.4576	-1.3124	-0.0047	0.4236
0.2435	2.4522	-1.3166	0.0007	-0.0333
0.2440	2.4558	-1.3182	0.0033	-0.4628
0.2445	2.4505	-1.3198	0.0054	-0.7313
0.2450	2.4554	-1.3322	0.0097	-0.7806
0.2455	2.4448	-1.3415	0.0081	-0.5970
0.2460	2.4548	-1.3420	0.0098	-0.2415
0.2465	2.4429	-1.3348	0.0157	0.1539
0.2470	2.4618	-1.3257	0.0246	0.4851
0.2475	2.4441	-1.3138	0.0239	0.6305
0.2480	2.4704	-1.3019	0.0246	0.5650
0.2485	2.4423	-1.3022	0.0353	0.2774
0.2490	2.4721	-1.3217	0.0420	-0.1007
0.2495	2.4299	-1.3318	0.0330	-0.4538
0.2500	2.4776	-1.3306	0.0346	-0.6831
0.2505	2.4160	-1.3465	0.0427	-0.7325
0.2510	2.4869	-1.3541	0.0138	-0.5700
0.2515	2.3967	-1.3382	0.0316	-0.2536
0.2520	2.5288	-1.2976	0.0401	0.0741
0.2525	2.3556	-1.2756	0.0525	0.3251
0.2530	2.6598	-1.2766	0.0609	0.4400
0.2535	1.6245	-1.2576	0.0537	0.4094
0.2540	-0.3533	-0.9975	0.0526	0.1269
0.2545	-0.0165	-0.7683	0.0609	-0.3868
0.2550	-0.1600	-0.6290	0.0712	-0.9134
0.2555	-0.0148	-0.5183	0.0701	-1.2809
0.2560	-0.0863	-0.4214	0.0667	-1.3653
0.2565	0.0043	-0.3359	0.0709	-1.1366
0.2570	-0.0401	-0.2728	0.0822	-0.6542
0.2575	0.0191	-0.2165	0.0817	-0.0674
0.2580	-0.0100	-0.1693	0.0758	0.4634
0.2585	0.0307	-0.1316	0.0786	0.7772
0.2590	0.0095	-0.0992	0.0921	0.8012
0.2595	0.0371	-0.0770	0.0933	0.5157
0.2600	0.0206	-0.0654	0.0863	0.0327
0.2605	0.0364	-0.0628	0.0871	-0.5052
0.2610	0.0241	-0.0641	0.0999	-0.9324
0.2615	0.0342	-0.0638	0.1031	-1.1133
0.2620	0.0249	-0.0666	0.0995	-1.0116
0.2625	0.0329	-0.0643	0.0972	-0.6497
0.2630	0.0289	-0.0546	0.1108	-0.1439
0.2635	0.0365	-0.0468	0.1143	0.3385
0.2640	0.0347	-0.0364	0.1048	0.6658
0.2645	0.0403	-0.0259	0.1016	0.7484
0.2650	0.0384	-0.0244	0.1123	0.5598
0.2655	0.0415	-0.0202	0.1198	0.1663
0.2660	0.0376	-0.0234	0.1169	-0.3016
0.2665	0.0385	-0.0343	0.1110	-0.6944
0.2670	0.0346	-0.0417	0.1217	-0.9064
0.2675	0.0358	-0.0452	0.1013	-0.8592
0.2680	0.0324	-0.0447	0.1014	-0.5677
0.2685	0.0375	-0.0418	0.1190	-0.1393
0.2690	0.0341	-0.0350	0.1236	0.3107
0.2695	0.0419	-0.0252	0.1382	0.6329
0.2700	0.0360	-0.0171	0.1345	0.7393
0.2705	0.0455	-0.0117	0.1260	0.6121
0.2710	0.0344	-0.0137	0.1320	0.2822
0.2715	0.0476	-0.0169	0.1455	-0.1175
0.2720	0.0297	-0.0224	0.1454	-0.4891
0.2725	0.0484	-0.0321	0.1330	-0.7041
0.2730	0.0233	-0.0364	0.1356	-0.7065
0.2735	0.0507	-0.0386	0.1505	-0.4879
0.2740	0.0174	-0.0335	0.1545	-0.1153
0.2745	0.0595	-0.0323	0.1441	0.2693
0.2750	0.0112	-0.0243	0.1409	0.5761
0.2755	0.0726	-0.0202	0.1509	0.6982
0.2760	-0.0006	-0.0120	0.1565	0.6056
0.2765	0.0943	-0.0115	0.1477	0.3318
0.2770	-0.0320	-0.0192	0.1467	-0.0362
0.2775	0.1480	-0.0244	0.1575	-0.3817
0.2780	-0.1617	-0.0270	0.1651	-0.5953
0.2785	0.8972	-0.0537	0.1585	-0.6385
0.2790	2.8581	-0.3133	0.1514	-0.3991
0.2795	2.5171	-0.5247	0.1637	0.1450
0.2800	2.6671	-0.6522	0.1724	0.7233
0.2805	2.5250	-0.7371	0.1656	1.1631
0.2810	2.6044	-0.8085	0.1557	1.2947
0.2815	2.5114	-0.8979	0.1654	1.1058
0.2820	2.5555	-0.9667	0.1736	0.6319
0.2825	2.4922	-1.0366	0.1723	0.0321
0.2830	2.5194	-1.0979	0.1618	-0.5041
0.2835	2.4772	-1.1436	0.1740	-0.8366
0.2840	2.4954	-1.1841	0.1637	-0.8695
0.2845	2.4621	-1.2316	0.1370	-0.5950
0.2850	2.4750	-1.2614	0.1595	-0.1075
0.2855	2.4553	-1.2789	0.1692	0.4312
0.2860	2.4686	-1.2831	0.1853	0.8591
0.2865	2.4600	-1.2683	0.1807	1.0427
0.2870	2.4679	-1.2694	0.1702	0.9095
0.2875	2.4580	-1.2808	0.1726	0.5096
0.2880	2.4600	-1.3013	0.1893	-0.0166
0.2885	2.4526	-1.3207	0.1901	-0.4773
0.2890	2.4565	-1.3186	0.1801	-0.7627
0.2895	2.4498	-1.3236	0.1763	-0.7966
0.2900	2.4511	-1.3321	0.1940	-0.5582
0.2905	2.4482	-1.3444	0.1963	-0.1472
0.2910	2.4515	-1.3345	0.1874	0.3090
0.2915	2.4506	-1.3327	0.1825	0.6714
0.2920	2.4558	-1.3169	0.1936	0.8242
0.2925	2.4537	-1.3142	0.1996	0.7156
0.2930	2.4561	-1.3131	0.1861	0.3779
0.2935	2.4511	-1.3195	0.1844	-0.0814
0.2940	2.4547	-1.3269	0.1970	-0.4830
0.2945	2.4498	-1.3242	0.2014	-0.7191
0.2950	2.4551	-1.3358	0.1941	-0.7506
0.2955	2.4441	-1.3406	0.1898	-0.5485
0.2960	2.4553	-1.3396	0.1969	-0.1970
0.2965	2.4438	-1.3321	0.2048	0.1935
0.2970	2.4626	-1.3229	0.1990	0.4960
0.2975	2.4444	-1.3134	0.1908	0.6250
0.2980	2.4704	-1.3016	0.1949	0.5298
0.2985	2.4414	-1.3052	0.2069	0.2460
0.2990	2.4715	-1.3211	0.2020	-0.1288
0.2995	2.4294	-1.3254	0.1968	-0.4604
0.3000	2.4780	-1.3295	0.1979	-0.6662
0.3005	2.4168	-1.3382	0.2046	-0.6866
0.3010	2.4883	-1.3474	0.1691	-0.5199
0.3015	2.3951	-1.3484	0.1783	-0.2150
0.3020	2.5195	-1.3398	0.1980	0.1213
0.3025	2.3431	-1.3352	0.2060	0.3940
0.3030	2.6490	-1.3266	0.2095	0.4973
0.3035	1.6135	-1.3011	0.1961	0.4420
0.3040	-0.3617	-1.0287	0.1982	0.1201
0.3045	-0.0237	-0.8062	0.2072	-0.4296
0.3050	-0.1665	-0.6594	0.2113	-0.9855
0.3055	-0.0210	-0.5485	0.1980	-1.3508
0.3060	-0.0908	-0.4441	0.1987	-1.4201
0.3065	0.0003	-0.3511	0.2094	-1.1609
0.3070	-0.0433	-0.2829	0.2087	-0.6470
0.3075	0.0174	-0.2241	0.2000	-0.0178
0.3080	-0.0118	-0.1796	0.1941	0.5173
0.3085	0.0293	-0.1379	0.2033	0.8416
0.3090	0.0090	-0.1071	0.2072	0.8452
0.3095	0.0369	-0.0760	0.1994	0.5316
0.3100	0.0197	-0.0708	0.1954	0.0132
0.3105	0.0365	-0.0672	0.2014	-0.5489
0.3110	0.0231	-0.0684	0.2075	-0.9831
0.3115	0.0336	-0.0714	0.2004	-1.1632
0.3120	0.0246	-0.0733	0.1970	-1.0405
0.3125	0.0330	-0.0670	0.1986	-0.6542
0.3130	0.0288	-0.0602	0.2078	-0.1185
0.3135	0.0358	-0.0529	0.2001	0.3812
0.3140	0.0343	-0.0370	0.1908	0.7199
0.3145	0.0404	-0.0259	0.1914	0.7905
0.3150	0.0386	-0.0235	0.2002	0.5714
0.3155	0.0414	-0.0236	0.1958	0.1558
0.3160	0.0377	-0.0244	0.1871	-0.3313
0.3165	0.0381	-0.0292	0.1828	-0.7394
0.3170	0.0342	-0.0415	0.2010	-0.9535
0.3175	0.0357	-0.0466	0.1662	-0.8898
0.3180	0.0321	-0.0452	0.1514	-0.5867
0.3185	0.0368	-0.0444	0.1772	-0.1241
0.3190	0.0338	-0.0372	0.1837	0.3380
0.3195	0.0415	-0.0246	0.1905	0.6713
0.3200	0.0361	-0.0198	0.1760	0.7780
0.3205	0.0457	-0.0124	0.1716	0.6396
0.3210	0.0349	-0.0121	0.1798	0.2957
0.3215	0.0472	-0.0167	0.1862	-0.1420
0.3220	0.0293	-0.0253	0.1755	-0.5229
0.3225	0.0480	-0.0354	0.1675	-0.7501
0.3230	0.0228	-0.0397	0.1714	-0.7395
0.3235	0.0505	-0.0375	0.1800	-0.5026
0.3240	0.0164	-0.0407	0.1732	-0.1202
0.3245	0.0590	-0.0351	0.1661	0.2955
0.3250	0.0111	-0.0237	0.1676	0.6107
0.3255	0.0730	-0.0162	0.1732	0.7334
0.3260	-0.0008	-0.0134	0.1635	0.6399
0.3265	0.0943	-0.0110	0.1542	0.3427
0.3270	-0.0322	-0.0137	0.1553	-0.0384
0.3275	0.1484	-0.0193	0.1611	-0.4056
0.3280	-0.1625	-0.0285	0.1599	-0.6363
0.3285	0.8993	-0.0540	0.1526	-0.6752
0.3290	2.8578	-0.3229	0.1480	-0.4158
0.3295	2.5146	-0.5367	0.1580	0.1354
0.3300	2.6617	-0.6787	0.1535	0.7490
0.3305	2.5193	-0.7664	0.1460	1.2232
0.3310	2.6000	-0.8293	0.1394	1.3670
0.3315	2.5075	-0.9173	0.1460	1.1587
0.3320	2.5531	-0.9845	0.1447	0.6623
0.3325	2.4886	-1.0544	0.1397	0.0142
0.3330	2.5174	-1.1080	0.1353	-0.5586
0.3335	2.4751	-1.1468	0.1411	-0.9036
0.3340	2.4935	-1.1928	0.1262	-0.9379
0.3345	2.4605	-1.2359	0.0930	-0.6415
0.3350	2.4789	-1.2474	0.1155	-0.1247
0.3355	2.4639	-1.2365	0.1279	0.4282
0.3360	2.4745	-1.2486	0.1351	0.8655
0.3365	2.4656	-1.2432	0.1246	1.0733
0.3370	2.4724	-1.2494	0.1191	0.9482
0.3375	2.4611	-1.2696	0.1195	0.5495
0.3380	2.4645	-1.2792	0.1247	0.0170
0.3385	2.4572	-1.2943	0.1175	-0.4704
0.3390	2.4600	-1.2978	0.1104	-0.7789
0.3395	2.4533	-1.3172	0.1141	-0.8205
0.3400	2.4533	-1.3290	0.1229	-0.5901
0.3405	2.4505	-1.3336	0.1143	-0.1743
0.3410	2.4535	-1.3262	0.1034	0.2933
0.3415	2.4529	-1.3190	0.1034	0.6746
0.3420	2.4581	-1.3092	0.1075	0.8461
0.3425	2.4570	-1.2974	0.1023	0.7489
0.3430	2.4589	-1.3058	0.0905	0.4010
0.3435	2.4533	-1.3124	0.0936	-0.0669
0.3440	2.4560	-1.3189	0.1015	-0.4843
0.3445	2.4525	-1.3129	0.0959	-0.7434
0.3450	2.4599	-1.3045	0.0866	-0.7791
0.3455	2.4501	-1.3125	0.0871	-0.5910
0.3460	2.4616	-1.3110	0.0915	-0.2433
0.3465	2.4490	-1.3070	0.0882	0.1600
0.3470	2.4671	-1.2972	0.0796	0.4827
0.3475	2.4503	-1.2858	0.0808	0.6328
0.3480	2.4780	-1.2647	0.0799	0.5573
0.3485	2.4494	-1.2699	0.0780	0.2748
0.3490	2.4778	-1.2911	0.0704	-0.1037
0.3495	2.4352	-1.3018	0.0683	-0.4550
0.3500	2.4853	-1.2933	0.0578	-0.6741
0.3505	2.4251	-1.3036	0.0434	-0.7201
0.3510	2.4962	-1.3124	0.0144	-0.5635
0.3515	2.4023	-1.3113	0.0458	-0.2609
0.3520	2.5256	-1.3118	0.0585	0.0930
0.3525	2.3485	-1.3056	0.0351	0.3800
0.3530	2.6555	-1.2963	0.0446	0.5162
0.3535	1.6193	-1.2650	0.0564	0.4782
0.3540	-0.3538	-0.9908	0.0697	0.1632
0.3545	-0.0156	-0.7642	0.0447	-0.4026
0.3550	-0.1590	-0.6242	0.0199	-0.9758
0.3555	-0.0147	-0.5145	0.0386	-1.3573
0.3560	-0.0869	-0.4221	0.0600	-1.4345
0.3565	0.0036	-0.3405	0.0398	-1.1717
0.3570	-0.0410	-0.2747	0.0167	-0.6512
0.3575	0.0195	-0.2140	0.0282	-0.0147
0.3580	-0.0101	-0.1718	0.0473	0.5407
0.3585	0.0314	-0.1265	0.0363	0.8674
0.3590	0.0100	-0.0969	0.0088	0.8659
0.3595	0.0383	-0.0807	0.0117	0.5531
0.3600	0.0205	-0.0639	0.0299	0.0273
0.3605	0.0375	-0.0622	0.0283	-0.5480
0.3610	0.0234	-0.0690	0.0081	-1.0019
0.3615	0.0340	-0.0704	0.0034	-1.1849
0.3620	0.0251	-0.0685	0.0117	-1.0497
0.3625	0.0329	-0.0660	0.0172	-0.6623
0.3630	0.0282	-0.0577	0.0040	-0.1150
0.3635	0.0360	-0.0469	-0.0028	0.3951
0.3640	0.0345	-0.0367	-0.0017	0.7406
0.3645	0.0403	-0.0233	-0.0072	0.8094
0.3650	0.0389	-0.0192	-0.0062	0.5946
0.3655	0.0411	-0.0176	-0.0087	0.1650
0.3660	0.0375	-0.0220	-0.0062	-0.3336
0.3665	0.0384	-0.0291	-0.0118	-0.7577
0.3670	0.0345	-0.0393	-0.0063	-0.9759
0.3675	0.0351	-0.0454	-0.0355	-0.9166
0.3680	0.0318	-0.0464	-0.0487	-0.6038
0.3685	0.0372	-0.0411	-0.0218	-0.1326
0.3690	0.0333	-0.0367	-0.0227	0.3368
0.3695	0.0419	-0.0262	-0.0237	0.6843
0.3700	0.0353	-0.0161	-0.0296	0.8003
0.3705	0.0459	-0.0107	-0.0386	0.6619
0.3710	0.0350	-0.0161	-0.0439	0.3016
0.3715	0.0479	-0.0170	-0.0415	-0.1467
0.3720	0.0297	-0.0244	-0.0426	-0.5301
0.3725	0.0481	-0.0314	-0.0507	-0.7630
0.3730	0.0227	-0.0391	-0.0547	-0.7585
0.3735	0.0505	-0.0392	-0.0546	-0.5155
0.3740	0.0162	-0.0401	-0.0531	-0.1291
0.3745	0.0594	-0.0327	-0.0579	0.2912
0.3750	0.0112	-0.0255	-0.0642	0.6204
0.3755	0.0731	-0.0189	-0.0667	0.7540
0.3760	-0.0009	-0.0149	-0.0672	0.6522
0.3765	0.0949	-0.0096	-0.0688	0.3592
0.3770	-0.0322	-0.0139	-0.0734	-0.0422
0.3775	0.1486	-0.0209	-0.0799	-0.4162
0.3780	-0.1632	-0.0265	-0.0769	-0.6471
0.3785	0.9018	-0.0576	-0.0785	-0.6948
0.3790	2.8586	-0.3202	-0.0842	-0.4460
0.3795	2.5146	-0.5345	-0.0819	0.1225
0.3800	2.6625	-0.6808	-0.0854	0.7452
0.3805	2.5180	-0.7686	-0.0866	1.2260
0.3810	2.5986	-0.8369	-0.0962	1.3879
0.3815	2.5059	-0.9207	-0.0980	1.1850
0.3820	2.5518	-0.9855	-0.0995	0.6782
0.3825	2.4868	-1.0641	-0.0977	0.0338
0.3830	2.5159	-1.1137	-0.1027	-0.5571
0.3835	2.4749	-1.1489	-0.1028	-0.9144
0.3840	2.4936	-1.1926	-0.1153	-0.9652
0.3845	2.4612	-1.2351	-0.1469	-0.6757
0.3850	2.4810	-1.2356	-0.1218	-0.1576
0.3855	2.4693	-1.2160	-0.1157	0.3911
0.3860	2.4787	-1.2332	-0.1166	0.8512
0.3865	2.4691	-1.2259	-0.1177	1.0574
0.3870	2.4753	-1.2336	-0.1197	0.9594
0.3875	2.4637	-1.2566	-0.1253	0.5887
0.3880	2.4665	-1.2688	-0.1222	0.0492
0.3885	2.4581	-1.2872	-0.1239	-0.4402
0.3890	2.4615	-1.2891	-0.1279	-0.7629
0.3895	2.4553	-1.3025	-0.1273	-0.8231
0.3900	2.4552	-1.3180	-0.1239	-0.6265
0.3905	2.4522	-1.3224	-0.1278	-0.2145
0.3910	2.4561	-1.3158	-0.1322	0.2485
0.3915	2.4554	-1.3019	-0.1357	0.6398
0.3920	2.4601	-1.2964	-0.1372	0.8390
0.3925	2.4591	-1.2885	-0.1367	0.7467
0.3930	2.4601	-1.2987	-0.1462	0.4282
0.3935	2.4546	-1.3075	-0.1487	-0.0357
0.3940	2.4566	-1.3199	-0.1437	-0.4520
0.3945	2.4520	-1.3098	-0.1423	-0.7194
0.3950	2.4580	-1.3199	-0.1501	-0.7667
0.3955	2.4474	-1.3228	-0.1516	-0.5995
0.3960	2.4584	-1.3273	-0.1513	-0.2618
0.3965	2.4450	-1.3218	-0.1501	0.1319
0.3970	2.4639	-1.3136	-0.1555	0.4570
0.3975	2.4465	-1.3078	-0.1567	0.6173
0.3980	2.4734	-1.2856	-0.1587	0.5517
0.3985	2.4455	-1.2913	-0.1572	0.2899
0.3990	2.4740	-1.3112	-0.1606	-0.0904
0.3995	2.4315	-1.3182	-0.1631	-0.4321
0.4000	2.4811	-1.3177	-0.1651	-0.6622
0.4005	2.4205	-1.3245	-0.1571	-0.7135
0.4010	2.4927	-1.3289	-0.1991	-0.5656
0.4015	2.3989	-1.3304	-0.1900	-0.2655
0.4020	2.5230	-1.3280	-0.1683	0.0716
0.4025	2.3460	-1.3210	-0.1688	0.3642
0.4030	2.6532	-1.3122	-0.1693	0.5079
0.4035	1.6142	-1.2825	-0.1781	0.4731
0.4040	-0.3590	-1.0124	-0.1747	0.1684
0.4045	-0.0196	-0.7857	-0.1730	-0.3819
0.4050	-0.1631	-0.6432	-0.1746	-0.9429
0.4055	-0.0172	-0.5305	-0.1786	-1.3386
0.4060	-0.0887	-0.4282	-0.1738	-1.4276
0.4065	0.0015	-0.3524	-0.1746	-1.1838
0.4070	-0.0428	-0.2802	-0.1754	-0.6810
0.4075	0.0176	-0.2264	-0.1829	-0.0557
0.4080	-0.0117	-0.1771	-0.1831	0.5095
0.4085	0.0300	-0.1332	-0.1799	0.8394
0.4090	0.0093	-0.0992	-0.1832	0.8647
0.4095	0.0376	-0.0735	-0.1872	0.5660
0.4100	0.0203	-0.0667	-0.1832	0.0464
0.4105	0.0371	-0.0658	-0.1835	-0.5228
0.4110	0.0236	-0.0688	-0.1857	-0.9770
0.4115	0.0343	-0.0682	-0.1897	-1.1701
0.4120	0.0247	-0.0679	-0.1888	-1.0688
0.4125	0.0332	-0.0655	-0.1853	-0.6811
0.4130	0.0285	-0.0576	-0.1850	-0.1433
0.4135	0.0361	-0.0478	-0.1911	0.3639
0.4140	0.0341	-0.0359	-0.1939	0.7110
0.4145	0.0399	-0.0252	-0.1957	0.7941
0.4150	0.0386	-0.0227	-0.1952	0.5973
0.4155	0.0412	-0.0180	-0.1998	0.1808
0.4160	0.0377	-0.0197	-0.1956	-0.3141
0.4165	0.0383	-0.0319	-0.1985	-0.7410
0.4170	0.0343	-0.0373	-0.1903	-0.9612
0.4175	0.0356	-0.0464	-0.2171	-0.9182
0.4180	0.0319	-0.0446	-0.2340	-0.6231
0.4185	0.0368	-0.0470	-0.2031	-0.1613
0.4190	0.0335	-0.0338	-0.2004	0.3099
0.4195	0.0412	-0.0243	-0.1986	0.6633
0.4200	0.0355	-0.0222	-0.2060	0.7759
0.4205	0.0461	-0.0150	-0.2009	0.6439
0.4210	0.0347	-0.0110	-0.1992	0.3065
0.4215	0.0478	-0.0145	-0.1985	-0.1393
0.4220	0.0294	-0.0228	-0.2005	-0.5227
0.4225	0.0479	-0.0311	-0.2053	-0.7566
0.4230	0.0228	-0.0383	-0.2026	-0.7594
0.4235	0.0502	-0.0402	-0.2028	-0.5319
0.4240	0.0162	-0.0387	-0.2028	-0.1420
0.4245	0.0589	-0.0339	-0.2035	0.2720
0.4250	0.0108	-0.0225	-0.2069	0.6033
0.4255	0.0728	-0.0186	-0.2048	0.7314
0.4260	-0.0012	-0.0129	-0.2085	0.6463
0.4265	0.0945	-0.0116	-0.2091	0.3532
0.4270	-0.0321	-0.0171	-0.2057	-0.0227
0.4275	0.1490	-0.0212	-0.2059	-0.4000
0.4280	-0.1632	-0.0253	-0.2056	-0.6374
0.4285	0.9056	-0.0558	-0.2050	-0.6864
0.4290	2.8589	-0.3206	-0.2060	-0.4366
0.4295	2.5150	-0.5273	-0.2016	0.1189
0.4300	2.6638	-0.6758	-0.2016	0.7298
0.4305	2.5185	-0.7726	-0.2030	1.2027
0.4310	2.5994	-0.8301	-0.2057	1.3569
0.4315	2.5073	-0.9137	-0.2048	1.1669
0.4320	2.5527	-0.9819	-0.2023	0.6795
0.4325	2.4885	-1.0515	-0.2013	0.0356
0.4330	2.5177	-1.1046	-0.2003	-0.5402
0.4335	2.4757	-1.1419	-0.2001	-0.9017
0.4340	2.4934	-1.1939	-0.2009	-0.9434
0.4345	2.4612	-1.2356	-0.2387	-0.6634
0.4350	2.4758	-1.2600	-0.2154	-0.1426
0.4355	2.4568	-1.2740	-0.2007	0.4302
0.4360	2.4687	-1.2808	-0.1954	0.9010
0.4365	2.4608	-1.2660	-0.1995	1.1025
0.4370	2.4690	-1.2678	-0.2020	0.9794
0.4375	2.4588	-1.2831	-0.1956	0.5690
0.4380	2.4620	-1.2902	-0.1937	0.0068
0.4385	2.4552	-1.3032	-0.1894	-0.5025
0.4390	2.4595	-1.3022	-0.1964	-0.8198
0.4395	2.4523	-1.3208	-0.1891	-0.8680
0.4400	2.4523	-1.3296	-0.1842	-0.6337
0.4405	2.4506	-1.3318	-0.1868	-0.1972
0.4410	2.4553	-1.3192	-0.1886	0.2914
0.4415	2.4545	-1.3155	-0.1872	0.6899
0.4420	2.4594	-1.2996	-0.1834	0.8690
0.4425	2.4571	-1.2931	-0.1804	0.7780
0.4430	2.4593	-1.3004	-0.1886	0.4266
0.4435	2.4536	-1.3088	-0.1818	-0.0564
0.4440	2.4566	-1.3173	-0.1770	-0.5017
0.4445	2.4519	-1.3054	-0.1761	-0.7658
0.4450	2.4574	-1.3246	-0.1789	-0.8166
0.4455	2.4469	-1.3300	-0.1746	-0.6265
0.4460	2.4574	-1.3350	-0.1697	-0.2575
0.4465	2.4447	-1.3240	-0.1685	0.1603
0.4470	2.4637	-1.3155	-0.1715	0.4934
0.4475	2.4467	-1.3031	-0.1681	0.6591
0.4480	2.4737	-1.2854	-0.1661	0.5760
0.4485	2.4462	-1.2844	-0.1615	0.2834
0.4490	2.4750	-1.3107	-0.1642	-0.1169
0.4495	2.4327	-1.3137	-0.1594	-0.4734
0.4500	2.4822	-1.3139	-0.1576	-0.7128
0.4505	2.4201	-1.3257	-0.1505	-0.7591
0.4510	2.4924	-1.3329	-0.1874	-0.5911
0.4515	2.3989	-1.3320	-0.1811	-0.2746
0.4520	2.5239	-1.3230	-0.1508	0.0888
0.4525	2.3484	-1.3119	-0.1486	0.3952
0.4530	2.6559	-1.2980	-0.1468	0.5342
0.4535	1.6173	-1.2641	-0.1554	0.4875
0.4540	-0.3546	-0.9980	-0.1456	0.1667
0.4545	-0.0163	-0.7699	-0.1398	-0.4107
0.4550	-0.1598	-0.6301	-0.1409	-0.9822
0.4555	-0.0134	-0.5144	-0.1407	-1.3848
0.4560	-0.0860	-0.4135	-0.1345	-1.4601
0.4565	0.0042	-0.3393	-0.1328	-1.2012
0.4570	-0.0408	-0.2701	-0.1305	-0.6681
0.4575	0.0190	-0.2158	-0.1333	-0.0203
0.4580	-0.0105	-0.1740	-0.1295	0.5435
0.4585	0.0308	-0.1294	-0.1256	0.8810
0.4590	0.0098	-0.1021	-0.1248	0.8910
0.4595	0.0378	-0.0766	-0.1283	0.5778
0.4600	0.0206	-0.0678	-0.1216	0.0389
0.4605	0.0370	-0.0645	-0.1166	-0.5539
0.4610	0.0231	-0.0669	-0.1147	-1.0119
0.4615	0.0337	-0.0650	-0.1162	-1.2078
0.4620	0.0246	-0.0726	-0.1106	-1.0796
0.4625	0.0329	-0.0664	-0.1053	-0.6765
0.4630	0.0287	-0.0562	-0.1042	-0.1222
0.4635	0.0361	-0.0439	-0.1044	0.4005
0.4640	0.0343	-0.0376	-0.1037	0.7564
0.4645	0.0402	-0.0230	-0.1025	0.8273
0.4650	0.0387	-0.0187	-0.0994	0.6117
0.4655	0.0417	-0.0186	-0.0995	0.1681
0.4660	0.0374	-0.0249	-0.0948	-0.3346
0.4665	0.0387	-0.0325	-0.0937	-0.7739
0.4670	0.0343	-0.0415	-0.0847	-0.9892
0.4675	0.0353	-0.0467	-0.1057	-0.9336
0.4680	0.0322	-0.0485	-0.1253	-0.6155
0.4685	0.0368	-0.0435	-0.0898	-0.1377
0.4690	0.0337	-0.0339	-0.0856	0.3459
0.4695	0.0415	-0.0284	-0.0809	0.6876
0.4700	0.0360	-0.0174	-0.0824	0.8064
0.4705	0.0463	-0.0136	-0.0758	0.6614
0.4710	0.0347	-0.0123	-0.0751	0.3014
0.4715	0.0478	-0.0186	-0.0688	-0.1470
0.4720	0.0296	-0.0229	-0.0711	-0.5480
0.4725	0.0480	-0.0317	-0.0686	-0.7793
0.4730	0.0222	-0.0417	-0.0676	-0.7737
0.4735	0.0507	-0.0424	-0.0609	-0.5343
0.4740	0.0166	-0.0379	-0.0580	-0.1287
0.4745	0.0591	-0.0327	-0.0583	0.3021
0.4750	0.0113	-0.0259	-0.0575	0.6236
0.4755	0.0735	-0.0189	-0.0545	0.7571
0.4760	-0.0006	-0.0092	-0.0527	0.6568
0.4765	0.0949	-0.0086	-0.0553	0.3544
0.4770	-0.0316	-0.0141	-0.0506	-0.0462
0.4775	0.1488	-0.0243	-0.0440	-0.4296
0.4780	-0.1635	-0.0253	-0.0415	-0.6553
0.4785	0.9065	-0.0570	-0.0398	-0.7055
0.4790	2.8595	-0.3168	-0.0393	-0.4353
0.4795	2.5140	-0.5377	-0.0318	0.1248
0.4800	2.6630	-0.6725	-0.0300	0.7558
0.4805	2.5184	-0.7681	-0.0332	1.2342
0.4810	2.6007	-0.8264	-0.0321	1.3841
0.4815	2.5086	-0.9120	-0.0285	1.1856
0.4820	2.5530	-0.9850	-0.0217	0.6768
0.4825	2.4895	-1.0485	-0.0207	0.0261
0.4830	2.5183	-1.1049	-0.0187	-0.5576
0.4835	2.4758	-1.1465	-0.0170	-0.9203
0.4840	2.4943	-1.1914	-0.0176	-0.9567
0.4845	2.4608	-1.2369	-0.0517	-0.6634
0.4850	2.4775	-1.2534	-0.0297	-0.1314
0.4855	2.4600	-1.2538	-0.0067	0.4399
0.4860	2.4713	-1.2702	-0.0039	0.9074
0.4865	2.4633	-1.2531	-0.0049	1.1108
0.4870	2.4706	-1.2600	-0.0011	0.9795
0.4875	2.4592	-1.2738	0.0004	0.5732
0.4880	2.4628	-1.2890	-0.0003	0.0102
0.4885	2.4551	-1.2987	0.0026	-0.4973
0.4890	2.4586	-1.3063	0.0076	-0.8084
0.4895	2.4521	-1.3190	0.0088	-0.8617
0.4900	2.4515	-1.3341	0.0115	-0.6266
0.4905	2.4493	-1.3308	0.0132	-0.1885
0.4910	2.4547	-1.3221	0.0190	0.2948
0.4915	2.4535	-1.3163	0.0194	0.6894
0.4920	2.4585	-1.3022	0.0204	0.8711
0.4925	2.4567	-1.2984	0.0258	0.7748
0.4930	2.4588	-1.3035	0.0317	0.4271
0.4935	2.4530	-1.3122	0.0437	-0.0490
0.4940	2.4567	-1.3194	0.0419	-0.4924
0.4945	2.4531	-1.3082	0.0309	-0.7665
0.4950	2.4610	-1.3034	0.0344	-0.8147
0.4955	2.4502	-1.3144	0.0533	-0.6378
0.4960	2.4598	-1.3183	0.0555	-0.2691
0.4965	2.4463	-1.3210	0.0473	0.1621
0.4970	2.4641	-1.3148	0.0447	0.5102
0.4975	2.4470	-1.2996	0.0608	0.6784
0.4980	2.4755	-1.2823	0.0657	0.5999
0.4985	2.4475	-1.2808	0.0565	0.3077
0.4990	2.4758	-1.3052	0.0510	-0.0973
0.4995	2.4329	-1.3194	0.0700	-0.4678
0.5000	2.4829	-1.3104	0.0759	-0.7213
0.5005	2.4216	-1.3199	0.0726	-0.7660
0.5010	2.4925	-1.3300	0.0343	-0.6083
0.5015	2.3990	-1.3269	0.0477	-0.2793
0.5020	2.5244	-1.3252	0.0833	0.0904
0.5025	2.3478	-1.3142	0.0732	0.4008
0.5030	2.6558	-1.3015	0.0728	0.5519
0.5035	1.6163	-1.2706	0.0794	0.5072
0.5040	-0.3551	-0.9931	0.0958	0.1898
0.5045	-0.0162	-0.7717	0.0898	-0.3905
0.5050	-0.1602	-0.6269	0.0828	-0.9845
0.5055	-0.0147	-0.5184	0.0940	-1.3858
0.5060	-0.0884	-0.4267	0.1069	-1.4646
0.5065	0.0012	-0.3509	0.1041	-1.1992
0.5070	-0.0428	-0.2783	0.0921	-0.6655
0.5075	0.0179	-0.2228	0.1008	-0.0137
0.5080	-0.0112	-0.1775	0.1142	0.5554
0.5085	0.0299	-0.1348	0.1123	0.8848
0.5090	0.0095	-0.1027	0.1008	0.8973
0.5095	0.0377	-0.0770	0.1036	0.5745
0.5100	0.0206	-0.0693	0.1219	0.0241
0.5105	0.0369	-0.0627	0.1249	-0.5574
0.5110	0.0230	-0.0695	0.1107	-1.0158
0.5115	0.0339	-0.0717	0.1111	-1.1983
0.5120	0.0245	-0.0745	0.1288	-1.0782
0.5125	0.0329	-0.0649	0.1340	-0.6767
0.5130	0.0286	-0.0567	0.1218	-0.1216
0.5135	0.0362	-0.0499	0.1187	0.4076
0.5140	0.0349	-0.0364	0.1316	0.7530
0.5145	0.0399	-0.0237	0.1356	0.8281
0.5150	0.0386	-0.0183	0.1281	0.6139
0.5155	0.0412	-0.0170	0.1229	0.1712
0.5160	0.0380	-0.0218	0.1377	-0.3461
0.5165	0.0383	-0.0277	0.1451	-0.7689
0.5170	0.0342	-0.0367	0.1409	-0.9947
0.5175	0.0356	-0.0452	0.1179	-0.9301
0.5180	0.0318	-0.0453	0.1041	-0.6124
0.5185	0.0371	-0.0400	0.1453	-0.1333
0.5190	0.0336	-0.0358	0.1426	0.3517
0.5195	0.0416	-0.0224	0.1366	0.7091
0.5200	0.0357	-0.0171	0.1459	0.8188
0.5205	0.0463	-0.0142	0.1552	0.6721
0.5210	0.0351	-0.0121	0.1527	0.3073
0.5215	0.0473	-0.0162	0.1449	-0.1458
0.5220	0.0292	-0.0214	0.1503	-0.5516
0.5225	0.0479	-0.0312	0.1610	-0.7796
0.5230	0.0222	-0.0408	0.1594	-0.7773
0.5235	0.0504	-0.0415	0.1504	-0.5298
0.5240	0.0160	-0.0379	0.1550	-0.1251
0.5245	0.0593	-0.0305	0.1645	0.3059
0.5250	0.0111	-0.0262	0.1632	0.6413
0.5255	0.0727	-0.0175	0.1549	0.7682
0.5260	-0.0008	-0.0104	0.1524	0.6695
0.5265	0.0952	-0.0118	0.1654	0.3663
0.5270	-0.0316	-0.0141	0.1689	-0.0441
0.5275	0.1491	-0.0257	0.1614	-0.4241
0.5280	-0.1642	-0.0272	0.1590	-0.6609
0.5285	0.9087	-0.0543	0.1708	-0.7044
0.5290	2.8599	-0.3155	0.1741	-0.4437
0.5295	2.5138	-0.5361	0.1718	0.1206
0.5300	2.6621	-0.6768	0.1665	0.7541
0.5305	2.5177	-0.7722	0.1752	1.2396
0.5310	2.5991	-0.8331	0.1787	1.3996
0.5315	2.5064	-0.9185	0.1721	1.2007
0.5320	2.5521	-0.9865	0.1670	0.6818
0.5325	2.4873	-1.0594	0.1742	0.0270
0.5330	2.5159	-1.1166	0.1820	-0.5605
0.5335	2.4748	-1.1509	0.1795	-0.9278
0.5340	2.4934	-1.1944	0.1725	-0.9670
0.5345	2.4608	-1.2355	0.1372	-0.6772
0.5350	2.4828	-1.2262	0.1623	-0.1616
0.5355	2.4716	-1.2019	0.1785	0.4021
0.5360	2.4810	-1.2186	0.1730	0.8482
0.5365	2.4698	-1.2189	0.1769	1.0679
0.5370	2.4762	-1.2289	0.1829	0.9693
0.5375	2.4641	-1.2553	0.1825	0.5941
0.5380	2.4672	-1.2702	0.1792	0.0683
0.5385	2.4592	-1.2860	0.1818	-0.4292
0.5390	2.4627	-1.2879	0.1848	-0.7538
0.5395	2.4558	-1.3021	0.1910	-0.8250
0.5400	2.4550	-1.3207	0.1854	-0.6204
0.5405	2.4513	-1.3248	0.1855	-0.2177
0.5410	2.4538	-1.3278	0.1904	0.2558
0.5415	2.4529	-1.3160	0.1919	0.6448
0.5420	2.4590	-1.3027	0.1859	0.8373
0.5425	2.4574	-1.2924	0.1861	0.7581
0.5430	2.4589	-1.3017	0.1843	0.4328
0.5435	2.4532	-1.3113	0.1898	-0.0329
0.5440	2.4564	-1.3213	0.1902	-0.4598
0.5445	2.4516	-1.3152	0.1871	-0.7227
0.5450	2.4583	-1.3169	0.1902	-0.7780
0.5455	2.4481	-1.3251	0.1927	-0.5953
0.5460	2.4588	-1.3223	0.1920	-0.2627
0.5465	2.4461	-1.3242	0.1877	0.1442
0.5470	2.4646	-1.3073	0.1857	0.4665
0.5475	2.4474	-1.3027	0.1942	0.6317
0.5480	2.4745	-1.2822	0.1918	0.5675
0.5485	2.4461	-1.2855	0.1880	0.2884
0.5490	2.4747	-1.3070	0.1887	-0.0884
0.5495	2.4315	-1.3205	0.1955	-0.4295
0.5500	2.4814	-1.3129	0.1911	-0.6622
0.5505	2.4207	-1.3245	0.1945	-0.7048
0.5510	2.4920	-1.3318	0.1633	-0.5636
0.5515	2.3981	-1.3321	0.1633	-0.2687
0.5520	2.5232	-1.3267	0.1941	0.0749
0.5525	2.3460	-1.3174	0.1883	0.3776
0.5530	2.6536	-1.3113	0.1859	0.5071
0.5535	1.6114	-1.2814	0.1883	0.4749
0.5540	-0.3586	-1.0082	0.1952	0.1788
0.5545	-0.0187	-0.7845	0.1902	-0.3784
0.5550	-0.1627	-0.6396	0.1837	-0.9455
0.5555	-0.0169	-0.5236	0.1870	-1.3387
0.5560	-0.0886	-0.4325	0.1966	-1.4267
0.5565	0.0010	-0.3482	0.1913	-1.1839
0.5570	-0.0442	-0.2887	0.1859	-0.6658
0.5575	0.0172	-0.2253	0.1825	-0.0367
0.5580	-0.0120	-0.1779	0.1881	0.5156
0.5585	0.0291	-0.1369	0.1881	0.8506
0.5590	0.0093	-0.1023	0.1794	0.8640
0.5595	0.0378	-0.0780	0.1800	0.5566
0.5600	0.0206	-0.0671	0.1869	0.0404
0.5605	0.0368	-0.0636	0.1884	-0.5367
0.5610	0.0231	-0.0665	0.1793	-0.9836
0.5615	0.0341	-0.0682	0.1748	-1.1741
0.5620	0.0248	-0.0725	0.1832	-1.0501
0.5625	0.0327	-0.0657	0.1854	-0.6735
0.5630	0.0292	-0.0580	0.1802	-0.1257
0.5635	0.0356	-0.0517	0.1751	0.3888
0.5640	0.0339	-0.0354	0.1753	0.7301
0.5645	0.0401	-0.0273	0.1747	0.8043
0.5650	0.0387	-0.0228	0.1722	0.5961
0.5655	0.0414	-0.0153	0.1687	0.1804
0.5660	0.0375	-0.0235	0.1684	-0.3198
0.5665	0.0388	-0.0293	0.1699	-0.7364
0.5670	0.0345	-0.0373	0.1703	-0.9644
0.5675	0.0354	-0.0415	0.1517	-0.9141
0.5680	0.0323	-0.0523	0.1247	-0.6089
0.5685	0.0372	-0.0438	0.1520	-0.1429
0.5690	0.0333	-0.0385	0.1573	0.3271
0.5695	0.0413	-0.0291	0.1547	0.6785
0.5700	0.0353	-0.0153	0.1537	0.7973
0.5705	0.0456	-0.0139	0.1566	0.6623
0.5710	0.0345	-0.0157	0.1557	0.3103
0.5715	0.0476	-0.0194	0.1522	-0.1272
0.5720	0.0296	-0.0233	0.1491	-0.5218
0.5725	0.0480	-0.0310	0.1483	-0.7604
0.5730	0.0226	-0.0379	0.1462	-0.7538
0.5735	0.0501	-0.0370	0.1458	-0.5241
0.5740	0.0167	-0.0388	0.1476	-0.1356
0.5745	0.0590	-0.0359	0.1443	0.2819
0.5750	0.0106	-0.0279	0.1415	0.6204
0.5755	0.0730	-0.0215	0.1365	0.7513
0.5760	-0.0008	-0.0100	0.1314	0.6624
0.5765	0.0951	-0.0080	0.1314	0.3764
0.5770	-0.0325	-0.0141	0.1309	-0.0217
0.5775	0.1494	-0.0184	0.1282	-0.3991
0.5780	-0.1641	-0.0291	0.1293	-0.6415
0.5785	0.9103	-0.0520	0.1295	-0.6876
0.5790	2.8606	-0.3181	0.1265	-0.4363
0.5795	2.5133	-0.5328	0.1230	0.1130
0.5800	2.6639	-0.6712	0.1225	0.7407
0.5805	2.5189	-0.7643	0.1170	1.2132
0.5810	2.5992	-0.8332	0.1130	1.3781
0.5815	2.5059	-0.9178	0.1113	1.1819
0.5820	2.5516	-0.9873	0.1102	0.6906
0.5825	2.4870	-1.0593	0.1107	0.0462
0.5830	2.5164	-1.1157	0.1108	-0.5346
0.5835	2.4749	-1.1499	0.1039	-0.9012
0.5840	2.4947	-1.1889	0.1040	-0.9592
0.5845	2.4616	-1.2286	0.0658	-0.6786
0.5850	2.4802	-1.2406	0.0753	-0.1649
0.5855	2.4677	-1.2212	0.0970	0.3910
0.5860	2.4768	-1.2404	0.0949	0.8438
0.5865	2.4671	-1.2336	0.0947	1.0657
0.5870	2.4743	-1.2404	0.0892	0.9641
0.5875	2.4630	-1.2600	0.0864	0.5870
0.5880	2.4658	-1.2759	0.0852	0.0468
0.5885	2.4574	-1.2910	0.0851	-0.4347
0.5890	2.4626	-1.2899	0.0813	-0.7635
0.5895	2.4608	-1.2811	0.0823	-0.8360
0.5900	2.4645	-1.2764	0.0819	-0.6532
0.5905	2.4630	-1.2647	0.0774	-0.2715
0.5910	2.4678	-1.2597	0.0758	0.1955
0.5915	2.4671	-1.2532	0.0636	0.5777
0.5920	2.4706	-1.2494	0.0459	0.8035
0.5925	2.4687	-1.2424	0.0469	0.7627
0.5930	2.4676	-1.2638	0.0650	0.4735
0.5935	2.4599	-1.2761	0.0690	0.0373
0.5940	2.4614	-1.2972	0.0463	-0.3835
0.5945	2.4559	-1.2963	0.0436	-0.6654
0.5950	2.4624	-1.2987	0.0604	-0.7442
0.5955	2.4501	-1.3104	0.0667	-0.6190
0.5960	2.4601	-1.3151	0.0673	-0.2970
0.5965	2.4453	-1.3250	0.0464	0.0820
0.5970	2.4641	-1.3122	0.0352	0.4091
0.5975	2.4457	-1.3119	0.0502	0.5929
0.5980	2.4735	-1.2825	0.0599	0.5605
0.5985	2.4454	-1.2855	0.0426	0.3161
0.5990	2.4744	-1.3091	0.0199	-0.0429
0.5995	2.4310	-1.3231	0.0317	-0.3825
0.6000	2.4798	-1.3184	0.0438	-0.6202
0.6005	2.4198	-1.3285	0.0379	-0.6879
0.6010	2.4917	-1.3396	-0.0067	-0.5668
0.6015	2.3979	-1.3378	-0.0120	-0.2923
0.6020	2.5207	-1.3356	0.0296	0.0344
0.6025	2.3442	-1.3276	0.0224	0.3269
0.6030	2.6526	-1.3169	0.0074	0.4833
0.6035	1.6100	-1.2844	0.0096	0.4655
0.6040	-0.3584	-1.0148	0.0224	0.1817
0.6045	-0.0183	-0.7818	0.0164	-0.3500
0.6050	-0.1629	-0.6375	0.0051	-0.9137
0.6055	-0.0165	-0.5249	0.0027	-1.3071
0.6060	-0.0878	-0.4281	0.0117	-1.4073
0.6065	0.0020	-0.3481	0.0081	-1.1734
0.6070	-0.0437	-0.2854	0.0028	-0.6743
0.6075	0.0172	-0.2282	-0.0020	-0.0585
0.6080	-0.0121	-0.1753	-0.0018	0.4874
0.6085	0.0299	-0.1364	-0.0037	0.8277
0.6090	0.0089	-0.1048	-0.0057	0.8540
0.6095	0.0379	-0.0782	-0.0073	0.5646
0.6100	0.0210	-0.0653	-0.0094	0.0522
0.6105	0.0367	-0.0612	-0.0101	-0.5086
0.6110	0.0238	-0.0620	-0.0082	-0.9628
0.6115	0.0341	-0.0681	-0.0154	-1.1602
0.6120	0.0251	-0.0702	-0.0133	-1.0560
0.6125	0.0330	-0.0616	-0.0183	-0.6838
0.6130	0.0292	-0.0565	-0.0208	-0.1529
0.6135	0.0360	-0.0471	-0.0240	0.3552
0.6140	0.0342	-0.0393	-0.0333	0.6996
0.6145	0.0397	-0.0268	-0.0436	0.7906
0.6150	0.0390	-0.0211	-0.0401	0.5919
0.6155	0.0412	-0.0197	-0.0427	0.1901
0.6160	0.0377	-0.0221	-0.0452	-0.3012
0.6165	0.0386	-0.0341	-0.0503	-0.7272
0.6170	0.0342	-0.0388	-0.0491	-0.9475
0.6175	0.0355	-0.0484	-0.0563	-0.9118
0.6180	0.0321	-0.0491	-0.0889	-0.6267
0.6185	0.0366	-0.0442	-0.0695	-0.1743
0.6190	0.0333	-0.0332	-0.0627	0.3017
0.6195	0.0414	-0.0326	-0.0601	0.6463
0.6200	0.0354	-0.0203	-0.0636	0.7766
0.6205	0.0459	-0.0118	-0.0699	0.6463
0.6210	0.0344	-0.0134	-0.0706	0.3159
0.6215	0.0476	-0.0186	-0.0695	-0.1180
0.6220	0.0296	-0.0233	-0.0724	-0.5054
0.6225	0.0479	-0.0301	-0.0782	-0.7433
0.6230	0.0222	-0.0368	-0.0809	-0.7540
0.6235	0.0505	-0.0417	-0.0800	-0.5321
0.6240	0.0163	-0.0410	-0.0806	-0.1532
0.6245	0.0590	-0.0382	-0.0862	0.2620
0.6250	0.0106	-0.0238	-0.0933	0.5810
0.6255	0.0726	-0.0169	-0.0930	0.7333
0.6260	-0.0010	-0.0142	-0.0913	0.6548
0.6265	0.0948	-0.0130	-0.0988	0.3775
0.6270	-0.0324	-0.0197	-0.1021	-0.0117
0.6275	0.1493	-0.0243	-0.1000	-0.3820
0.6280	-0.1641	-0.0238	-0.1019	-0.6197
0.6285	0.9124	-0.0519	-0.1047	-0.6812
0.6290	2.8616	-0.3166	-0.1090	-0.4435
0.6295	2.5145	-0.5334	-0.1058	0.0979
0.6300	2.6658	-0.6626	-0.1070	0.7082
0.6305	2.5228	-0.7525	-0.1176	1.1776
0.6310	2.6016	-0.8269	-0.1169	1.3464
0.6315	2.5078	-0.9138	-0.1206	1.1589
0.6320	2.5535	-0.9793	-0.1226	0.6880
0.6325	2.4896	-1.0462	-0.1229	0.0656
0.6330	2.5182	-1.1020	-0.1220	-0.5118
0.6335	2.4771	-1.1436	-0.1240	-0.8732
0.6340	2.4961	-1.1833	-0.1245	-0.9271
0.6345	2.4631	-1.2219	-0.1645	-0.6684
0.6350	2.4778	-1.2482	-0.1610	-0.1639
0.6355	2.4578	-1.2670	-0.1378	0.4020
0.6360	2.4702	-1.2710	-0.1386	0.8713
0.6365	2.4620	-1.2597	-0.1393	1.0804
0.6370	2.4704	-1.2593	-0.1422	0.9654
0.6375	2.4604	-1.2704	-0.1429	0.5715
0.6380	2.4638	-1.2878	-0.1411	0.0183
0.6385	2.4558	-1.2993	-0.1423	-0.4781
0.6390	2.4615	-1.2918	-0.1515	-0.7980
0.6395	2.4581	-1.2914	-0.1475	-0.8584
0.6400	2.4621	-1.2858	-0.1460	-0.6558
0.6405	2.4576	-1.2950	-0.1503	-0.2471
0.6410	2.4605	-1.2916	-0.1536	0.2384
0.6415	2.4593	-1.2895	-0.1547	0.6509
0.6420	2.4664	-1.2694	-0.1532	0.8522
0.6425	2.4669	-1.2525	-0.1569	0.7851
0.6430	2.4659	-1.2717	-0.1640	0.4481
0.6435	2.4582	-1.2876	-0.1624	-0.0238
0.6440	2.4603	-1.3019	-0.1582	-0.4618
0.6445	2.4543	-1.3005	-0.1590	-0.7302
0.6450	2.4605	-1.3097	-0.1656	-0.7888
0.6455	2.4488	-1.3200	-0.1669	-0.6034
0.6460	2.4590	-1.3243	-0.1642	-0.2575
0.6465	2.4449	-1.3268	-0.1622	0.1446
0.6470	2.4633	-1.3191	-0.1698	0.4800
0.6475	2.4463	-1.3122	-0.1723	0.6369
0.6480	2.4732	-1.2904	-0.1687	0.5639
0.6485	2.4452	-1.2955	-0.1683	0.2810
0.6490	2.4744	-1.3160	-0.1746	-0.0928
0.6495	2.4311	-1.3204	-0.1724	-0.4469
0.6500	2.4805	-1.3221	-0.1751	-0.6840
0.6505	2.4190	-1.3273	-0.1673	-0.7264
0.6510	2.4909	-1.3398	-0.1923	-0.5733
0.6515	2.3969	-1.3400	-0.2148	-0.2625
0.6520	2.5215	-1.3342	-0.1807	0.0886
0.6525	2.3435	-1.3321	-0.1805	0.3880
0.6530	2.6524	-1.3199	-0.1792	0.5223
0.6535	1.6072	-1.2916	-0.1838	0.4886
0.6540	-0.3607	-1.0184	-0.1791	0.1741
0.6545	-0.0203	-0.7906	-0.1777	-0.3917
0.6550	-0.1638	-0.6488	-0.1811	-0.9656
0.6555	-0.0182	-0.5321	-0.1865	-1.3585
0.6560	-0.0904	-0.4373	-0.1768	-1.4415
0.6565	0.0009	-0.3507	-0.1783	-1.1931
0.6570	-0.0437	-0.2877	-0.1860	-0.6741
0.6575	0.0171	-0.2320	-0.1880	-0.0422
0.6580	-0.0123	-0.1806	-0.1831	0.5261
0.6585	0.0293	-0.1381	-0.1824	0.8602
0.6590	0.0091	-0.1064	-0.1871	0.8815
0.6595	0.0374	-0.0755	-0.1904	0.5687
0.6600	0.0202	-0.0676	-0.1867	0.0313
0.6605	0.0369	-0.0665	-0.1841	-0.5419
0.6610	0.0236	-0.0705	-0.1886	-0.9930
0.6615	0.0339	-0.0684	-0.1922	-1.1854
0.6620	0.0248	-0.0713	-0.1891	-1.0696
0.6625	0.0328	-0.0700	-0.1831	-0.6788
0.6630	0.0293	-0.0584	-0.1865	-0.1382
0.6635	0.0360	-0.0487	-0.1940	0.3795
0.6640	0.0345	-0.0353	-0.1927	0.7282
0.6645	0.0402	-0.0291	-0.1891	0.8086
0.6650	0.0386	-0.0198	-0.1917	0.6051
0.6655	0.0410	-0.0177	-0.1963	0.1695
0.6660	0.0377	-0.0236	-0.1958	-0.3338
0.6665	0.0383	-0.0328	-0.1915	-0.7569
0.6670	0.0341	-0.0385	-0.1907	-0.9780
0.6675	0.0360	-0.0489	-0.1989	-0.9295
0.6680	0.0315	-0.0451	-0.2328	-0.6241
0.6685	0.0368	-0.0473	-0.2089	-0.1548
0.6690	0.0336	-0.0369	-0.1929	0.3219
0.6695	0.0411	-0.0305	-0.1962	0.6680
0.6700	0.0353	-0.0208	-0.1958	0.7892
0.6705	0.0457	-0.0143	-0.1948	0.6566
0.6710	0.0343	-0.0153	-0.1931	0.3048
0.6715	0.0474	-0.0157	-0.1940	-0.1408
0.6720	0.0296	-0.0271	-0.1921	-0.5382
0.6725	0.0478	-0.0321	-0.1944	-0.7692
0.6730	0.0217	-0.0404	-0.1926	-0.7686
0.6735	0.0500	-0.0400	-0.1926	-0.5359
0.6740	0.0163	-0.0414	-0.1924	-0.1438
0.6745	0.0594	-0.0345	-0.1936	0.2814
0.6750	0.0106	-0.0299	-0.1931	0.6099
0.6755	0.0731	-0.0189	-0.1970	0.7453
0.6760	-0.0012	-0.0122	-0.1946	0.6565
0.6765	0.0947	-0.0127	-0.1956	0.3608
0.6770	-0.0330	-0.0196	-0.1911	-0.0397
0.6775	0.1493	-0.0239	-0.1912	-0.4112
0.6780	-0.1650	-0.0274	-0.1916	-0.6435
0.6785	0.9138	-0.0547	-0.1887	-0.7006
0.6790	2.8606	-0.3226	-0.1901	-0.4438
0.6795	2.5127	-0.5371	-0.1874	0.1259
0.6800	2.6619	-0.6802	-0.1868	0.7371
0.6805	2.5163	-0.7770	-0.1887	1.2248
0.6810	2.5982	-0.8370	-0.1891	1.3813
0.6815	2.5058	-0.9217	-0.1887	1.1795
0.6820	2.5515	-0.9888	-0.1851	0.6785
0.6825	2.4878	-1.0568	-0.1873	0.0323
0.6830	2.5168	-1.1109	-0.1825	-0.5627
0.6835	2.4750	-1.1459	-0.1854	-0.9298
0.6840	2.4941	-1.1927	-0.1787	-0.9717
0.6845	2.4608	-1.2355	-0.2103	-0.6739
0.6850	2.4768	-1.2569	-0.2106	-0.1526
0.6855	2.4595	-1.2560	-0.1822	0.4249
0.6860	2.4714	-1.2650	-0.1811	0.8952
0.6865	2.4628	-1.2558	-0.1800	1.1082
0.6870	2.4708	-1.2573	-0.1796	0.9873
0.6875	2.4608	-1.2668	-0.1753	0.5803
0.6880	2.4639	-1.2838	-0.1701	0.0085
0.6885	2.4558	-1.2988	-0.1691	-0.5014
0.6890	2.4614	-1.2921	-0.1737	-0.8280
0.6895	2.4546	-1.3071	-0.1640	-0.8835
0.6900	2.4556	-1.3162	-0.1622	-0.6501
0.6905	2.4541	-1.3133	-0.1647	-0.2210
0.6910	2.4591	-1.2981	-0.1642	0.2731
0.6915	2.4595	-1.2935	-0.1609	0.6719
0.6920	2.4645	-1.2732	-0.1578	0.8656
0.6925	2.4635	-1.2627	-0.1604	0.7796
0.6930	2.4636	-1.2790	-0.1622	0.4364
0.6935	2.4564	-1.2974	-0.1558	-0.0429
0.6940	2.4585	-1.3087	-0.1516	-0.4749
0.6945	2.4541	-1.3063	-0.1510	-0.7552
0.6950	2.4594	-1.3092	-0.1538	-0.8105
0.6955	2.4486	-1.3194	-0.1497	-0.6241
0.6960	2.4591	-1.3199	-0.1462	-0.2688
0.6965	2.4460	-1.3182	-0.1451	0.1443
0.6970	2.4645	-1.3125	-0.1455	0.4832
0.6975	2.4465	-1.3009	-0.1437	0.6443
0.6980	2.4729	-1.2872	-0.1402	0.5814
0.6985	2.4450	-1.2895	-0.1379	0.3034
0.6990	2.4738	-1.3121	-0.1413	-0.0929
0.6995	2.4308	-1.3245	-0.1351	-0.4556
0.7000	2.4797	-1.3261	-0.1330	-0.6963
0.7005	2.4181	-1.3330	-0.1256	-0.7424
0.7010	2.4902	-1.3383	-0.1436	-0.5941
0.7015	2.3966	-1.3395	-0.1652	-0.2808
0.7020	2.5217	-1.3339	-0.1307	0.0698
0.7025	2.3444	-1.3251	-0.1273	0.3720
0.7030	2.6536	-1.3167	-0.1214	0.5294
0.7035	1.6071	-1.2802	-0.1218	0.4871
0.7040	-0.3602	-1.0161	-0.1146	0.1796
0.7045	-0.0190	-0.7819	-0.1127	-0.3854
0.7050	-0.1635	-0.6372	-0.1118	-0.9577
0.7055	-0.0167	-0.5263	-0.1113	-1.3653
0.7060	-0.0891	-0.4314	-0.1050	-1.4502
0.7065	0.0002	-0.3543	-0.1038	-1.1994
0.7070	-0.0446	-0.2877	-0.1020	-0.6831
0.7075	0.0164	-0.2294	-0.1017	-0.0312
0.7080	-0.0127	-0.1792	-0.1005	0.5287
0.7085	0.0292	-0.1407	-0.0969	0.8599
0.7090	0.0091	-0.1013	-0.0971	0.8817
0.7095	0.0373	-0.0772	-0.0922	0.5737
0.7100	0.0205	-0.0637	-0.0883	0.0378
0.7105	0.0370	-0.0678	-0.0843	-0.5481
0.7110	0.0235	-0.0691	-0.0841	-0.9982
0.7115	0.0339	-0.0679	-0.0836	-1.1992
0.7120	0.0245	-0.0695	-0.0803	-1.0730
0.7125	0.0328	-0.0631	-0.0755	-0.6825
0.7130	0.0282	-0.0602	-0.0714	-0.1365
0.7135	0.0353	-0.0502	-0.0717	0.3879
0.7140	0.0346	-0.0356	-0.0741	0.7349
0.7145	0.0402	-0.0312	-0.0682	0.8136
0.7150	0.0386	-0.0169	-0.0668	0.6011
0.7155	0.0411	-0.0206	-0.0654	0.1714
0.7160	0.0377	-0.0248	-0.0641	-0.3380
0.7165	0.0385	-0.0294	-0.0603	-0.7701
0.7170	0.0343	-0.0420	-0.0576	-0.9883
0.7175	0.0356	-0.0480	-0.0562	-0.9353
0.7180	0.0318	-0.0481	-0.0931	-0.6251
0.7185	0.0375	-0.0403	-0.0709	-0.1414
0.7190	0.0334	-0.0382	-0.0504	0.3302
0.7195	0.0417	-0.0302	-0.0518	0.6718
0.7200	0.0363	-0.0151	-0.0459	0.7958
0.7205	0.0462	-0.0128	-0.0462	0.6495
0.7210	0.0346	-0.0121	-0.0405	0.2973
0.7215	0.0481	-0.0158	-0.0374	-0.1439
0.7220	0.0299	-0.0230	-0.0361	-0.5465
0.7225	0.0483	-0.0268	-0.0374	-0.7804
0.7230	0.0228	-0.0375	-0.0326	-0.7689
0.7235	0.0508	-0.0376	-0.0281	-0.5295
0.7240	0.0167	-0.0362	-0.0233	-0.1368
0.7245	0.0595	-0.0302	-0.0259	0.2889
0.7250	0.0109	-0.0241	-0.0235	0.6151
0.7255	0.0732	-0.0154	-0.0203	0.7469
0.7260	-0.0011	-0.0106	-0.0204	0.6473
0.7265	0.0952	-0.0159	-0.0191	0.3515
0.7270	-0.0327	-0.0157	-0.0146	-0.0532
0.7275	0.1498	-0.0212	-0.0127	-0.4209
0.7280	-0.1647	-0.0267	-0.0101	-0.6600
0.7285	0.9157	-0.0543	-0.0055	-0.7024
0.7290	2.8626	-0.3166	-0.0052	-0.4438
0.7295	2.5149	-0.5257	-0.0047	0.1232
0.7300	2.6655	-0.6683	-0.0008	0.7341
0.7305	2.5191	-0.7633	-0.0066	1.2120
0.7310	2.6023	-0.8199	-0.0013	1.3765
0.7315	2.5090	-0.9033	0.0016	1.1766
0.7320	2.5539	-0.9810	0.0017	0.6752
0.7325	2.4897	-1.0486	0.0030	0.0362
0.7330	2.5177	-1.1038	0.0104	-0.5430
0.7335	2.4756	-1.1427	0.0035	-0.8985
0.7340	2.4936	-1.1948	0.0126	-0.9510
0.7345	2.4598	-1.2391	-0.0150	-0.6569
0.7350	2.4743	-1.2646	-0.0185	-0.1313
0.7355	2.4542	-1.2829	0.0176	0.4467
0.7360	2.4667	-1.2870	0.0202	0.9157
0.7365	2.4594	-1.2708	0.0216	1.1180
0.7370	2.4679	-1.2739	0.0239	0.9808
0.7375	2.4572	-1.2884	0.0297	0.5629
0.7380	2.4606	-1.2989	0.0356	0.0019
0.7385	2.4535	-1.3155	0.0410	-0.5035
0.7390	2.4569	-1.3115	0.0420	-0.8211
0.7395	2.4508	-1.3253	0.0382	-0.8617
0.7400	2.4517	-1.3354	0.0428	-0.6300
0.7405	2.4497	-1.3343	0.0496	-0.1927
0.7410	2.4526	-1.3279	0.0540	0.3004
0.7415	2.4523	-1.3251	0.0481	0.7090
0.7420	2.4576	-1.3098	0.0467	0.8924
0.7425	2.4554	-1.3057	0.0553	0.7844
0.7430	2.4576	-1.3083	0.0583	0.4328
0.7435	2.4522	-1.3175	0.0576	-0.0522
0.7440	2.4554	-1.3209	0.0589	-0.5035
0.7445	2.4515	-1.3177	0.0660	-0.7739
0.7450	2.4582	-1.3207	0.0717	-0.8277
0.7455	2.4476	-1.3245	0.0710	-0.6289
0.7460	2.4589	-1.3258	0.0681	-0.2647
0.7465	2.4466	-1.3175	0.0784	0.1585
0.7470	2.4648	-1.3123	0.0827	0.5021
0.7475	2.4482	-1.2962	0.0816	0.6735
0.7480	2.4761	-1.2755	0.0765	0.5910
0.7485	2.4481	-1.2689	0.0830	0.2995
0.7490	2.4762	-1.3008	0.0878	-0.1106
0.7495	2.4339	-1.3064	0.0907	-0.4731
0.7500	2.4830	-1.3034	0.0842	-0.7233
0.7505	2.4218	-1.3140	0.0941	-0.7638
0.7510	2.4937	-1.3288	0.0870	-0.6044
0.7515	2.4000	-1.3249	0.0626	-0.2708
0.7520	2.5260	-1.3174	0.0853	0.0870
0.7525	2.3488	-1.3087	0.0947	0.3925
0.7530	2.6583	-1.2967	0.1061	0.5322
0.7535	1.6108	-1.2617	0.1063	0.4838
0.7540	-0.3544	-0.9840	0.1027	0.1578
0.7545	-0.0112	-0.7517	0.1036	-0.4196
0.7550	-0.1569	-0.6138	0.1143	-1.0010
0.7555	-0.0115	-0.5063	0.1153	-1.3922
0.7560	-0.0877	-0.4256	0.1140	-1.4619
0.7565	0.0019	-0.3495	0.1138	-1.1899
0.7570	-0.0421	-0.2775	0.1210	-0.6386
0.7575	0.0188	-0.2282	0.1261	0.0078
0.7580	-0.0115	-0.1734	0.1212	0.5676
0.7585	0.0301	-0.1335	0.1210	0.8871
0.7590	0.0095	-0.0970	0.1272	0.8806
0.7595	0.0375	-0.0766	0.1338	0.5475
0.7600	0.0205	-0.0693	0.1312	0.0002
0.7605	0.0367	-0.0712	0.1267	-0.5839
0.7610	0.0228	-0.0681	0.1327	-1.0268
0.7615	0.0341	-0.0749	0.1390	-1.2016
0.7620	0.0246	-0.0723	0.1389	-1.0533
0.7625	0.0329	-0.0675	0.1344	-0.6501
0.7630	0.0287	-0.0522	0.1403	-0.0912
0.7635	0.0363	-0.0438	0.1445	0.4319
0.7640	0.0348	-0.0370	0.1407	0.7649
0.7645	0.0406	-0.0209	0.1356	0.8144
0.7650	0.0389	-0.0184	0.1415	0.5953
0.7655	0.0410	-0.0188	0.1455	0.1497
0.7660	0.0377	-0.0243	0.1490	-0.3623
0.7665	0.0381	-0.0327	0.1444	-0.7767
0.7670	0.0341	-0.0399	0.1444	-0.9893
0.7675	0.0352	-0.0466	0.1567	-0.9080
0.7680	0.0320	-0.0496	0.1217	-0.5786
0.7685	0.0367	-0.0389	0.1317	-0.1016
0.7690	0.0336	-0.0323	0.1497	0.3751
0.7695	0.0421	-0.0237	0.1546	0.7102
0.7700	0.0355	-0.0197	0.1622	0.8099
0.7705	0.0458	-0.0069	0.1526	0.6427
0.7710	0.0351	-0.0126	0.1550	0.2822
0.7715	0.0478	-0.0192	0.1594	-0.1643
0.7720	0.0296	-0.0206	0.1662	-0.5631
0.7725	0.0479	-0.0305	0.1582	-0.7858
0.7730	0.0228	-0.0327	0.1556	-0.7585
0.7735	0.0506	-0.0369	0.1627	-0.5119
0.7740	0.0167	-0.0355	0.1692	-0.1012
0.7745	0.0596	-0.0330	0.1627	0.3206
0.7750	0.0112	-0.0261	0.1561	0.6464
0.7755	0.0734	-0.0139	0.1598	0.7612
0.7760	-0.0006	-0.0125	0.1678	0.6482
0.7765	0.0945	-0.0084	0.1654	0.3330
0.7770	-0.0322	-0.0158	0.1591	-0.0732
0.7775	0.1500	-0.0250	0.1647	-0.4418
0.7780	-0.1652	-0.0276	0.1722	-0.6701
0.7785	0.9175	-0.0529	0.1707	-0.7011
0.7790	2.8626	-0.3140	0.1634	-0.4315
0.7795	2.5155	-0.5270	0.1686	0.1417
0.7800	2.6660	-0.6644	0.1754	0.7593
0.7805	2.5197	-0.7574	0.1715	1.2357
0.7810	2.6022	-0.8232	0.1657	1.3822
0.7815	2.5084	-0.9075	0.1670	1.1794
0.7820	2.5537	-0.9768	0.1745	0.6670
0.7825	2.4892	-1.0507	0.1728	0.0176
0.7830	2.5184	-1.1021	0.1703	-0.5673
0.7835	2.4760	-1.1456	0.1674	-0.9163
0.7840	2.4939	-1.1897	0.1799	-0.9478
0.7845	2.4600	-1.2383	0.1554	-0.6509
0.7850	2.4772	-1.2483	0.1348	-0.1324
0.7855	2.4608	-1.2492	0.1663	0.4394
0.7860	2.4717	-1.2606	0.1711	0.8987
0.7865	2.4637	-1.2480	0.1756	1.0975
0.7870	2.4709	-1.2581	0.1695	0.9757
0.7875	2.4601	-1.2742	0.1694	0.5687
0.7880	2.4623	-1.2935	0.1751	0.0126
0.7885	2.4548	-1.3010	0.1802	-0.4853
0.7890	2.4586	-1.3025	0.1739	-0.7983
0.7895	2.4520	-1.3196	0.1705	-0.8484
0.7900	2.4519	-1.3299	0.1806	-0.6099
0.7905	2.4488	-1.3365	0.1822	-0.1832
0.7910	2.4526	-1.3309	0.1758	0.3069
0.7915	2.4518	-1.3195	0.1752	0.7016
0.7920	2.4576	-1.3090	0.1781	0.8735
0.7925	2.4563	-1.2968	0.1791	0.7791
0.7930	2.4581	-1.3036	0.1738	0.4167
0.7935	2.4520	-1.3164	0.1712	-0.0634
0.7940	2.4556	-1.3245	0.1765	-0.4910
0.7945	2.4502	-1.3229	0.1815	-0.7610
0.7950	2.4562	-1.3303	0.1775	-0.7933
0.7955	2.4459	-1.3312	0.1751	-0.5941
0.7960	2.4572	-1.3294	0.1741	-0.2283
0.7965	2.4452	-1.3227	0.1790	0.1846
0.7970	2.4639	-1.3150	0.1776	0.5193
0.7975	2.4472	-1.3023	0.1696	0.6566
0.7980	2.4747	-1.2872	0.1701	0.5721
0.7985	2.4449	-1.2885	0.1774	0.2749
0.7990	2.4743	-1.3110	0.1767	-0.1200
0.7995	2.4311	-1.3202	0.1733	-0.4703
0.8000	2.4814	-1.3195	0.1705	-0.6956
0.8005	2.4193	-1.3274	0.1776	-0.7303
0.8010	2.4921	-1.3345	0.1688	-0.5591
0.8015	2.3986	-1.3319	0.1327	-0.2429
0.8020	2.5243	-1.3236	0.1579	0.1049
0.8025	2.3462	-1.3154	0.1709	0.3982
0.8030	2.6552	-1.3095	0.1717	0.5219
0.8035	1.6065	-1.2791	0.1657	0.4668
0.8040	-0.3583	-0.9993	0.1685	0.1437
0.8045	-0.0167	-0.7760	0.1701	-0.4272
0.8050	-0.1614	-0.6337	0.1696	-0.9897
0.8055	-0.0152	-0.5209	0.1663	-1.3669
0.8060	-0.0891	-0.4337	0.1640	-1.4297
0.8065	0.0001	-0.3548	0.1705	-1.1654
0.8070	-0.0447	-0.2877	0.1648	-0.6319
0.8075	0.0174	-0.2276	0.1623	0.0045
0.8080	-0.0125	-0.1737	0.1612	0.5488
0.8085	0.0294	-0.1350	0.1622	0.8675
0.8090	0.0087	-0.1063	0.1616	0.8621
0.8095	0.0373	-0.0738	0.1550	0.5351
0.8100	0.0203	-0.0673	0.1573	-0.0069
0.8105	0.0367	-0.0717	0.1590	-0.5785
0.8110	0.0230	-0.0715	0.1580	-1.0117
0.8115	0.0335	-0.0720	0.1550	-1.1783
0.8120	0.0246	-0.0722	0.1523	-1.0449
0.8125	0.0327	-0.0661	0.1563	-0.6434
0.8130	0.0288	-0.0567	0.1569	-0.0952
0.8135	0.0359	-0.0503	0.1514	0.4152
0.8140	0.0348	-0.0370	0.1462	0.7552
0.8145	0.0395	-0.0262	0.1458	0.8056
0.8150	0.0385	-0.0185	0.1478	0.5855
0.8155	0.0414	-0.0128	0.1451	0.1484
0.8160	0.0372	-0.0222	0.1373	-0.3512
0.8165	0.0386	-0.0288	0.1409	-0.7674
0.8170	0.0346	-0.0427	0.1417	-0.9754
0.8175	0.0355	-0.0499	0.1435	-0.8952
0.8180	0.0318	-0.0507	0.1012	-0.5856
0.8185	0.0366	-0.0421	0.1070	-0.1105
0.8190	0.0336	-0.0359	0.1305	0.3703
0.8195	0.0416	-0.0308	0.1283	0.7102
0.8200	0.0354	-0.0253	0.1249	0.8035
0.8205	0.0456	-0.0166	0.1231	0.6467
0.8210	0.0347	-0.0144	0.1277	0.2854
0.8215	0.0473	-0.0150	0.1255	-0.1611
0.8220	0.0290	-0.0253	0.1236	-0.5530
0.8225	0.0480	-0.0321	0.1154	-0.7699
0.8230	0.0223	-0.0399	0.1158	-0.7522
0.8235	0.0505	-0.0424	0.1176	-0.5067
0.8240	0.0164	-0.0401	0.1165	-0.1041
0.8245	0.0596	-0.0353	0.1080	0.3169
0.8250	0.0109	-0.0263	0.1090	0.6320
0.8255	0.0734	-0.0195	0.1077	0.7599
0.8260	-0.0012	-0.0106	0.1066	0.6534
0.8265	0.0952	-0.0124	0.0975	0.3485
0.8270	-0.0331	-0.0150	0.0977	-0.0551
0.8275	0.1499	-0.0233	0.1007	-0.4254
0.8280	-0.1657	-0.0228	0.0981	-0.6531
0.8285	0.9178	-0.0584	0.0924	-0.6904
0.8290	2.8610	-0.3265	0.0911	-0.4272
0.8295	2.5119	-0.5421	0.0935	0.1440
0.8300	2.6629	-0.6800	0.0901	0.7643
0.8305	2.5175	-0.7671	0.0835	1.2344
0.8310	2.5981	-0.8415	0.0797	1.3805
0.8315	2.5048	-0.9279	0.0808	1.1766
0.8320	2.5510	-0.9920	0.0803	0.6727
0.8325	2.4862	-1.0637	0.0749	0.0110
0.8330	2.5159	-1.1142	0.0757	-0.5715
0.8335	2.4742	-1.1502	0.0718	-0.9235
0.8340	2.4945	-1.1907	0.0766	-0.9646
0.8345	2.4615	-1.2321	0.0487	-0.6651
0.8350	2.4831	-1.2257	0.0292	-0.1486
0.8355	2.4718	-1.1994	0.0593	0.4066
0.8360	2.4809	-1.2162	0.0652	0.8380
0.8365	2.4703	-1.2184	0.0579	1.0590
0.8370	2.4775	-1.2310	0.0523	0.9528
0.8375	2.4648	-1.2521	0.0559	0.5748
0.8380	2.4675	-1.2706	0.0558	0.0518
0.8385	2.4587	-1.2882	0.0547	-0.4412
0.8390	2.4632	-1.2821	0.0474	-0.7553
0.8395	2.4590	-1.2867	0.0502	-0.8192
0.8400	2.4612	-1.2893	0.0517	-0.6324
0.8405	2.4581	-1.2953	0.0390	-0.2335
0.8410	2.4610	-1.2911	0.0227	0.2323
0.8415	2.4601	-1.2849	0.0321	0.6162
0.8420	2.4654	-1.2722	0.0366	0.8115
0.8425	2.4647	-1.2626	0.0279	0.7514
0.8430	2.4636	-1.2808	0.0212	0.4361
0.8435	2.4573	-1.2917	0.0299	-0.0156
0.8440	2.4589	-1.3105	0.0321	-0.4317
0.8445	2.4535	-1.3043	0.0213	-0.6876
0.8450	2.4609	-1.3065	0.0181	-0.7493
0.8455	2.4491	-1.3166	0.0217	-0.5850
0.8460	2.4592	-1.3291	0.0210	-0.2573
0.8465	2.4449	-1.3283	0.0158	0.1418
0.8470	2.4639	-1.3142	0.0124	0.4515
0.8475	2.4454	-1.3081	0.0163	0.6090
0.8480	2.4730	-1.2899	0.0113	0.5508
0.8485	2.4441	-1.2937	0.0058	0.2909
0.8490	2.4729	-1.3191	0.0040	-0.0891
0.8495	2.4299	-1.3265	0.0033	-0.4234
0.8500	2.4796	-1.3227	0.0012	-0.6485
0.8505	2.4182	-1.3337	0.0019	-0.6842
0.8510	2.4910	-1.3442	-0.0063	-0.5405
0.8515	2.3955	-1.3411	-0.0422	-0.2576
0.8520	2.5203	-1.3446	-0.0212	0.0806
0.8525	2.3418	-1.3328	-0.0093	0.3692
0.8530	2.6522	-1.3293	-0.0102	0.4978
0.8535	1.5996	-1.2896	-0.0110	0.4665
0.8540	-0.3622	-1.0148	-0.0106	0.1574
0.8545	-0.0190	-0.7926	-0.0100	-0.3967
0.8550	-0.1645	-0.6438	-0.0123	-0.9575
0.8555	-0.0174	-0.5328	-0.0105	-1.3348
0.8560	-0.0906	-0.4393	-0.0169	-1.4126
0.8565	0.0006	-0.3516	-0.0201	-1.1569
0.8570	-0.0451	-0.2935	-0.0151	-0.6390
0.8575	0.0157	-0.2325	-0.0225	-0.0198
0.8580	-0.0133	-0.1847	-0.0288	0.5304
0.8585	0.0289	-0.1425	-0.0383	0.8481
0.8590	0.0085	-0.1052	-0.0355	0.8557
0.8595	0.0373	-0.0768	-0.0387	0.5447
0.8600	0.0202	-0.0658	-0.0397	0.0146
0.8605	0.0369	-0.0676	-0.0443	-0.5584
0.8610	0.0237	-0.0668	-0.0472	-0.9935
0.8615	0.0338	-0.0663	-0.0447	-1.1685
0.8620	0.0247	-0.0696	-0.0506	-1.0537
0.8625	0.0329	-0.0660	-0.0512	-0.6546
0.8630	0.0287	-0.0563	-0.0530	-0.1233
0.8635	0.0360	-0.0443	-0.0538	0.3872
0.8640	0.0343	-0.0445	-0.0596	0.7182
0.8645	0.0404	-0.0229	-0.0655	0.7901
0.8650	0.0383	-0.0191	-0.0667	0.5810
0.8655	0.0409	-0.0206	-0.0608	0.1489
0.8660	0.0375	-0.0244	-0.0657	-0.3413
0.8665	0.0383	-0.0321	-0.0689	-0.7496
0.8670	0.0342	-0.0417	-0.0748	-0.9681
0.8675	0.0356	-0.0465	-0.0657	-0.9110
0.8680	0.0318	-0.0485	-0.1034	-0.6085
0.8685	0.0368	-0.0411	-0.1052	-0.1374
0.8690	0.0331	-0.0377	-0.0845	0.3306
0.8695	0.0411	-0.0282	-0.0850	0.6653
0.8700	0.0356	-0.0167	-0.0841	0.7812
0.8705	0.0459	-0.0153	-0.0903	0.6478
0.8710	0.0345	-0.0132	-0.0947	0.2879
0.8715	0.0475	-0.0188	-0.0909	-0.1487
0.8720	0.0296	-0.0235	-0.0918	-0.5353
0.8725	0.0475	-0.0343	-0.0991	-0.7607
0.8730	0.0224	-0.0363	-0.1039	-0.7545
0.8735	0.0504	-0.0415	-0.0996	-0.5156
0.8740	0.0162	-0.0422	-0.0996	-0.1250
0.8745	0.0591	-0.0367	-0.1053	0.2849
0.8750	0.0108	-0.0226	-0.1123	0.6116
0.8755	0.0730	-0.0162	-0.1118	0.7387
0.8760	-0.0010	-0.0119	-0.1086	0.6484
0.8765	0.0951	-0.0105	-0.1166	0.3568
0.8770	-0.0332	-0.0197	-0.1189	-0.0353
0.8775	0.1502	-0.0215	-0.1196	-0.4062
0.8780	-0.1656	-0.0268	-0.1161	-0.6352
0.8785	0.9189	-0.0567	-0.1195	-0.6845
0.8790	2.8618	-0.3215	-0.1232	-0.4245
0.8795	2.5136	-0.5350	-0.1222	0.1316
0.8800	2.6657	-0.6654	-0.1208	0.7448
0.8805	2.5209	-0.7551	-0.1274	1.2116
0.8810	2.6007	-0.8278	-0.1340	1.3615
0.8815	2.5069	-0.9162	-0.1374	1.1640
0.8820	2.5531	-0.9848	-0.1327	0.6806
0.8825	2.4888	-1.0474	-0.1365	0.0414
0.8830	2.5185	-1.1069	-0.1360	-0.5379
0.8835	2.4762	-1.1497	-0.1421	-0.8951
0.8840	2.4948	-1.1842	-0.1327	-0.9356
0.8845	2.4622	-1.2348	-0.1546	-0.6560
0.8850	2.4767	-1.2502	-0.1855	-0.1383
0.8855	2.4576	-1.2678	-0.1547	0.4254
0.8860	2.4706	-1.2704	-0.1471	0.8887
0.8865	2.4623	-1.2543	-0.1470	1.0874
0.8870	2.4710	-1.2639	-0.1540	0.9678
0.8875	2.4604	-1.2717	-0.1532	0.5533
0.8880	2.4631	-1.2842	-0.1522	-0.0077
0.8885	2.4558	-1.2965	-0.1486	-0.4993
0.8890	2.4613	-1.2933	-0.1578	-0.8098
0.8895	2.4561	-1.3063	-0.1578	-0.8548
0.8900	2.4576	-1.3031	-0.1519	-0.6370
0.8905	2.4542	-1.3082	-0.1540	-0.2012
0.8910	2.4577	-1.3055	-0.1589	0.2790
0.8915	2.4573	-1.3004	-0.1611	0.6779
0.8920	2.4655	-1.2729	-0.1609	0.8560
0.8925	2.4650	-1.2594	-0.1593	0.7588
0.8930	2.4633	-1.2840	-0.1658	0.4048
0.8935	2.4566	-1.2942	-0.1677	-0.0750
0.8940	2.4585	-1.3078	-0.1615	-0.4945
0.8945	2.4525	-1.3101	-0.1609	-0.7466
0.8950	2.4580	-1.3190	-0.1657	-0.7740
0.8955	2.4468	-1.3307	-0.1667	-0.5786
0.8960	2.4573	-1.3327	-0.1668	-0.2199
0.8965	2.4428	-1.3345	-0.1643	0.1817
0.8970	2.4615	-1.3280	-0.1690	0.5042
0.8975	2.4443	-1.3180	-0.1715	0.6444
0.8980	2.4715	-1.2956	-0.1709	0.5498
0.8985	2.4429	-1.3008	-0.1671	0.2487
0.8990	2.4722	-1.3221	-0.1699	-0.1488
0.8995	2.4297	-1.3215	-0.1711	-0.4903
0.9000	2.4797	-1.3259	-0.1727	-0.7089
0.9005	2.4177	-1.3352	-0.1688	-0.7247
0.9010	2.4897	-1.3453	-0.1732	-0.5511
0.9015	2.3950	-1.3494	-0.2107	-0.2221
0.9020	2.5205	-1.3418	-0.1927	0.1317
0.9025	2.3419	-1.3339	-0.1752	0.4163
0.9030	2.6533	-1.3224	-0.1760	0.5386
0.9035	1.5985	-1.2904	-0.1794	0.4627
0.9040	-0.3617	-1.0160	-0.1775	0.1374
0.9045	-0.0190	-0.7865	-0.1749	-0.4411
0.9050	-0.1646	-0.6442	-0.1746	-1.0103
0.9055	-0.0172	-0.5333	-0.1761	-1.3859
0.9060	-0.0900	-0.4337	-0.1759	-1.4447
0.9065	0.0011	-0.3489	-0.1730	-1.1700
0.9070	-0.0442	-0.2856	-0.1753	-0.6252
0.9075	0.0172	-0.2305	-0.1775	0.0172
0.9080	-0.0133	-0.1793	-0.1783	0.5727
0.9085	0.0294	-0.1429	-0.1777	0.8837
0.9090	0.0086	-0.1023	-0.1764	0.8684
0.9095	0.0375	-0.0776	-0.1794	0.5351
0.9100	0.0203	-0.0668	-0.1788	-0.0118
0.9105	0.0368	-0.0669	-0.1742	-0.5976
0.9110	0.0231	-0.0705	-0.1765	-1.0369
0.9115	0.0339	-0.0699	-0.1781	-1.2106
0.9120	0.0242	-0.0741	-0.1798	-1.0574
0.9125	0.0326	-0.0657	-0.1752	-0.6517
0.9130	0.0289	-0.0589	-0.1746	-0.0892
0.9135	0.0362	-0.0488	-0.1786	0.4188
0.9140	0.0345	-0.0343	-0.1846	0.7539
0.9145	0.0400	-0.0297	-0.1795	0.8059
0.9150	0.0389	-0.0221	-0.1791	0.5770
0.9155	0.0408	-0.0203	-0.1765	0.1225
0.9160	0.0375	-0.0239	-0.1841	-0.3814
0.9165	0.0380	-0.0347	-0.1788	-0.7920
0.9170	0.0339	-0.0443	-0.1782	-1.0033
0.9175	0.0355	-0.0469	-0.1706	-0.9207
0.9180	0.0317	-0.0481	-0.2074	-0.6041
0.9185	0.0370	-0.0420	-0.2111	-0.1118
0.9190	0.0336	-0.0376	-0.1788	0.3541
0.9195	0.0417	-0.0254	-0.1810	0.6869
0.9200	0.0358	-0.0159	-0.1794	0.7892
0.9205	0.0460	-0.0117	-0.1814	0.6261
0.9210	0.0346	-0.0152	-0.1755	0.2656
0.9215	0.0471	-0.0146	-0.1726	-0.1799
0.9220	0.0289	-0.0259	-0.1759	-0.5725
0.9225	0.0476	-0.0296	-0.1800	-0.7924
0.9230	0.0223	-0.0410	-0.1745	-0.7621
0.9235	0.0503	-0.0438	-0.1725	-0.5080
0.9240	0.0167	-0.0375	-0.1714	-0.1101
0.9245	0.0595	-0.0355	-0.1780	0.3144
0.9250	0.0104	-0.0241	-0.1756	0.6299
0.9255	0.0731	-0.0194	-0.1711	0.7494
0.9260	-0.0015	-0.0130	-0.1695	0.6369
0.9265	0.0954	-0.0130	-0.1745	0.3253
0.9270	-0.0332	-0.0177	-0.1750	-0.0681
0.9275	0.1499	-0.0194	-0.1686	-0.4387
0.9280	-0.1656	-0.0285	-0.1693	-0.6610
0.9285	0.9199	-0.0549	-0.1712	-0.6895
0.9290	2.8613	-0.3261	-0.1703	-0.4188
0.9295	2.5110	-0.5445	-0.1633	0.1552
0.9300	2.6616	-0.6852	-0.1606	0.7790
0.9305	2.5149	-0.7799	-0.1659	1.2519
0.9310	2.5980	-0.8413	-0.1666	1.3974
0.9315	2.5048	-0.9251	-0.1641	1.1801
0.9320	2.5514	-0.9940	-0.1599	0.6560
0.9325	2.4866	-1.0583	-0.1614	0.0010
0.9330	2.5163	-1.1130	-0.1584	-0.5863
0.9335	2.4745	-1.1507	-0.1589	-0.9433
0.9340	2.4935	-1.1981	-0.1522	-0.9656
0.9345	2.4600	-1.2392	-0.1678	-0.6663
0.9350	2.4783	-1.2490	-0.1964	-0.1286
0.9355	2.4623	-1.2436	-0.1629	0.4566
0.9360	2.4723	-1.2596	-0.1534	0.9144
0.9365	2.4643	-1.2453	-0.1522	1.1158
0.9370	2.4721	-1.2517	-0.1560	0.9727
0.9375	2.4611	-1.2691	-0.1497	0.5666
0.9380	2.4641	-1.2813	-0.1431	0.0018
0.9385	2.4555	-1.3051	-0.1412	-0.5099
0.9390	2.4620	-1.2896	-0.1473	-0.8302
0.9395	2.4553	-1.2984	-0.1392	-0.8824
0.9400	2.4566	-1.3155	-0.1343	-0.6482
0.9405	2.4608	-1.2834	-0.1336	-0.2201
0.9410	2.4716	-1.2460	-0.1385	0.2413
0.9415	2.4716	-1.2304	-0.1363	0.6152
0.9420	2.4726	-1.2367	-0.1324	0.7948
0.9425	2.4699	-1.2390	-0.1296	0.7442
0.9430	2.4684	-1.2582	-0.1382	0.4456
0.9435	2.4603	-1.2782	-0.1321	0.0108
0.9440	2.4612	-1.2980	-0.1247	-0.4100
0.9445	2.4566	-1.2914	-0.1240	-0.6746
0.9450	2.4642	-1.2916	-0.1243	-0.7615
0.9455	2.4536	-1.2973	-0.1231	-0.6284
0.9460	2.4631	-1.3019	-0.1160	-0.3188
0.9465	2.4490	-1.3062	-0.1159	0.0617
0.9470	2.4674	-1.2936	-0.1163	0.3948
0.9475	2.4500	-1.2879	-0.1142	0.5738
0.9480	2.4777	-1.2708	-0.1096	0.5410
0.9485	2.4515	-1.2553	-0.1088	0.3051
0.9490	2.4805	-1.2798	-0.1054	-0.0526
0.9495	2.4358	-1.2972	-0.1084	-0.3966
0.9500	2.4860	-1.2933	-0.1039	-0.6368
0.9505	2.4251	-1.3012	-0.0962	-0.7095
0.9510	2.4969	-1.3112	-0.0979	-0.5940
0.9515	2.4008	-1.3241	-0.1348	-0.3152
0.9520	2.5251	-1.3249	-0.1129	0.0288
0.9525	2.3441	-1.3175	-0.0932	0.3279
0.9530	2.6550	-1.3146	-0.0917	0.4967
0.9535	1.5980	-1.2810	-0.0923	0.4901
0.9540	-0.3607	-1.0056	-0.0881	0.2067
0.9545	-0.0161	-0.7752	-0.0837	-0.3488
0.9550	-0.1620	-0.6302	-0.0826	-0.9224
0.9555	-0.0150	-0.5193	-0.0790	-1.3401
0.9560	-0.0892	-0.4299	-0.0763	-1.4430
0.9565	0.0019	-0.3461	-0.0720	-1.2029
0.9570	-0.0434	-0.2816	-0.0709	-0.7018
0.9575	0.0179	-0.2235	-0.0730	-0.0653
0.9580	-0.0122	-0.1781	-0.0704	0.5008
0.9585	0.0298	-0.1391	-0.0656	0.8396
0.9590	0.0088	-0.0996	-0.0668	0.8766
0.9595	0.0376	-0.0789	-0.0615	0.5888
0.9600	0.0203	-0.0693	-0.0590	0.0649
0.9605	0.0375	-0.0664	-0.0546	-0.5135
0.9610	0.0230	-0.0656	-0.0545	-0.9646
0.9615	0.0339	-0.0693	-0.0534	-1.1742
0.9620	0.0248	-0.0673	-0.0499	-1.0756
0.9625	0.0330	-0.0703	-0.0458	-0.7048
0.9630	0.0292	-0.0587	-0.0425	-0.1599
0.9635	0.0358	-0.0461	-0.0428	0.3565
0.9640	0.0343	-0.0382	-0.0434	0.7152
0.9645	0.0400	-0.0212	-0.0421	0.7994
0.9650	0.0390	-0.0221	-0.0387	0.6090
0.9655	0.0411	-0.0151	-0.0363	0.1875
0.9660	0.0374	-0.0221	-0.0364	-0.3156
0.9665	0.0383	-0.0277	-0.0296	-0.7450
0.9670	0.0343	-0.0401	-0.0343	-0.9733
0.9675	0.0358	-0.0429	-0.0218	-0.9274
0.9680	0.0315	-0.0516	-0.0503	-0.6364
0.9685	0.0370	-0.0450	-0.0607	-0.1697
0.9690	0.0335	-0.0332	-0.0271	0.3065
0.9695	0.0415	-0.0274	-0.0221	0.6469
0.9700	0.0354	-0.0156	-0.0200	0.7758
0.9705	0.0461	-0.0098	-0.0202	0.6379
0.9710	0.0345	-0.0175	-0.0167	0.3001
0.9715	0.0477	-0.0201	-0.0128	-0.1404
0.9720	0.0296	-0.0210	-0.0100	-0.5243
0.9725	0.0481	-0.0311	-0.0108	-0.7620
0.9730	0.0228	-0.0385	-0.0079	-0.7690
0.9735	0.0511	-0.0400	-0.0052	-0.5436
0.9740	0.0167	-0.0344	-0.0006	-0.1506
0.9745	0.0597	-0.0354	-0.0023	0.2632
0.9750	0.0108	-0.0271	-0.0010	0.5928
0.9755	0.0733	-0.0167	0.0007	0.7176
0.9760	-0.0013	-0.0130	0.0001	0.6365
0.9765	0.0958	-0.0118	-0.0012	0.3507
0.9770	-0.0329	-0.0165	0.0060	-0.0445
0.9775	0.1504	-0.0208	0.0037	-0.4037
0.9780	-0.1656	-0.0247	0.0039	-0.6409
0.9785	0.9210	-0.0558	0.0115	-0.6899
0.9790	2.8630	-0.3186	0.0120	-0.4303
0.9795	2.5143	-0.5304	0.0119	0.1196
0.9800	2.6671	-0.6589	0.0180	0.7212
0.9805	2.5216	-0.7510	0.0182	1.1875
0.9810	2.6046	-0.8131	0.0165	1.3373
0.9815	2.5114	-0.9000	0.0211	1.1421
0.9820	2.5561	-0.9723	0.0275	0.6644
0.9825	2.4915	-1.0377	0.0299	0.0440
0.9830	2.5196	-1.0960	0.0337	-0.5243
0.9835	2.4762	-1.1411	0.0329	-0.8718
0.9840	2.4947	-1.1909	0.0388	-0.9135
0.9845	2.4606	-1.2354	0.0320	-0.6398
0.9850	2.4745	-1.2638	0.0018	-0.1260
0.9855	2.4547	-1.2812	0.0351	0.4330
0.9860	2.4672	-1.2843	0.0470	0.8892
0.9865	2.4588	-1.2676	0.0470	1.0863
0.9870	2.4680	-1.2744	0.0420	0.9634
0.9875	2.4575	-1.2866	0.0506	0.5540
0.9880	2.4597	-1.3019	0.0568	0.0014
0.9885	2.4514	-1.3205	0.0543	-0.4840
0.9890	2.4556	-1.3191	0.0543	-0.7900
0.9895	2.4495	-1.3298	0.0603	-0.8327
0.9900	2.4500	-1.3450	0.0667	-0.6050
0.9905	2.4479	-1.3394	0.0653	-0.1845
0.9910	2.4524	-1.3347	0.0640	0.2970
0.9915	2.4512	-1.3262	0.0659	0.6746
0.9920	2.4567	-1.3137	0.0711	0.8491
0.9925	2.4548	-1.3069	0.0712	0.7650
0.9930	2.4565	-1.3179	0.0650	0.4136
0.9935	2.4511	-1.3190	0.0718	-0.0524
0.9940	2.4550	-1.3282	0.0794	-0.4808
0.9945	2.4495	-1.3254	0.0828	-0.7420
0.9950	2.4545	-1.3325	0.0795	-0.7884
0.9955	2.4428	-1.3472	0.0802	-0.6007
0.9960	2.4545	-1.3494	0.0883	-0.2325
0.9965	2.4417	-1.3441	0.0906	0.1604
0.9970	2.4603	-1.3280	0.0902	0.4935
0.9975	2.4431	-1.3216	0.0913	0.6426
0.9980	2.4700	-1.3011	0.0960	0.5546
0.9985	2.4409	-1.3083	0.0959	0.2762
0.9990	2.4713	-1.3230	0.0947	-0.1191
0.9995	2.4278	-1.3338	0.0963	-0.4722
